t0.00 = 464.940000
t0.01 = 0.228362
t0.02 = 0.233119
t0.03 = 0.233119
t0.04 = 0.248661
t0.05 = 0.248661
t0.06 = 0.247518
t0.07 = 0.247897
t0.08 = 0.247897
t0.09 = 0.247897
t0.10 = 0.247880
t0.11 = 0.241885
t0.12 = 0.248087
t0.13 = 0.248087
t0.14 = 0.249185
t0.15 = 0.255920
t0.16 = 0.251328
t0.17 = 0.258509
t0.18 = 0.258509
t0.19 = 0.266112
t0.20 = 0.266112
t0.21 = 0.266642
t0.22 = 0.266642
t0.23 = 0.258933
t0.24 = 0.272538
t0.25 = 0.272538
t0.26 = 0.270400
t0.27 = 0.270400
t0.28 = 0.280415
t0.29 = 0.291200
t0.30 = 0.291200
t0.31 = 0.315467
t0.32 = 0.315467
t0.33 = 0.331033
t0.34 = 0.331033
t0.35 = 0.319180
t0.36 = 0.330028
t0.37 = 0.350654
t0.38 = 0.350654
t0.39 = 0.350654
t0.40 = 0.374031
t0.41 = 0.374031
t0.42 = 0.374031
t0.43 = 0.415702
t0.44 = 0.415702
t0.45 = 0.415702
t0.46 = 0.415702
t0.47 = 0.415702
t0.48 = 0.448781
t0.49 = 0.493659
t0.50 = 0.548510
t0.51 = 0.548510
t0.52 = 0.522836
t0.53 = 0.522836
t0.54 = 0.522836
t0.55 = 0.522836
t0.56 = 0.494859
t0.57 = 0.494859
t0.58 = 0.577336
t0.59 = 0.577336
t0.60 = 0.536185
t0.61 = 0.536185
t0.62 = 0.536185
t0.63 = 0.536185
t0.64 = 0.536185
t0.65 = 0.536185
t0.66 = 0.536185
t0.67 = 0.536185
t0.68 = 0.670232
t0.69 = 0.670232
t0.70 = 0.670232
t0.71 = 0.670232
t0.72 = 0.824862
t0.73 = 0.824862
t0.74 = 0.877202
t0.75 = 0.877202
t0.76 = 0.877202
t0.77 = 0.877202
t0.78 = 0.877202
t0.79 = 0.877202
t0.80 = 0.877202
t0.81 = 0.877202
t0.82 = 0.877202
t0.83 = 0.877202
t0.84 = 0.877202
t0.85 = 0.877202
t0.86 = 0.877202
t0.87 = 0.877202
t0.88 = 0.877202
t0.89 = 0.877202
t0.90 = 0.877202
t0.91 = 0.877202
t0.92 = 0.877202
t0.93 = 0.877202
t0.94 = 0.877202
t0.95 = 0.877202
t0.96 = 0.877202
t0.97 = 0.877202
t0.98 = 0.877202
t0.99 = 0.877202
t1.00 = 1.000000
tr0 = 0.767992
tr1 = 0.986412
r0.00 = 464.940000
r0.01 = 0.228362
r0.02 = 0.233119
r0.03 = 0.233119
r0.04 = 0.248661
r0.05 = 0.248661
r0.06 = 0.247518
r0.07 = 0.247897
r0.08 = 0.247897
r0.09 = 0.247897
r0.10 = 0.247880
r0.11 = 0.241885
r0.12 = 0.248087
r0.13 = 0.248087
r0.14 = 0.249185
r0.15 = 0.255920
r0.16 = 0.251328
r0.17 = 0.258509
r0.18 = 0.258509
r0.19 = 0.266112
r0.20 = 0.266112
r0.21 = 0.266642
r0.22 = 0.266642
r0.23 = 0.258933
r0.24 = 0.272538
r0.25 = 0.272538
r0.26 = 0.270400
r0.27 = 0.270400
r0.28 = 0.280415
r0.29 = 0.291200
r0.30 = 0.291200
r0.31 = 0.315467
r0.32 = 0.315467
r0.33 = 0.331033
r0.34 = 0.331033
r0.35 = 0.319180
r0.36 = 0.330028
r0.37 = 0.350654
r0.38 = 0.350654
r0.39 = 0.350654
r0.40 = 0.374031
r0.41 = 0.374031
r0.42 = 0.374031
r0.43 = 0.415702
r0.44 = 0.415702
r0.45 = 0.415702
r0.46 = 0.415702
r0.47 = 0.415702
r0.48 = 0.448781
r0.49 = 0.493659
r0.50 = 0.548510
r0.51 = 0.548510
r0.52 = 0.522836
r0.53 = 0.522836
r0.54 = 0.522836
r0.55 = 0.522836
r0.56 = 0.494859
r0.57 = 0.494859
r0.58 = 0.577336
r0.59 = 0.577336
r0.60 = 0.536185
r0.61 = 0.536185
r0.62 = 0.536185
r0.63 = 0.536185
r0.64 = 0.536185
r0.65 = 0.536185
r0.66 = 0.536185
r0.67 = 0.536185
r0.68 = 0.670232
r0.69 = 0.670232
r0.70 = 0.670232
r0.71 = 0.670232
r0.72 = 0.824862
r0.73 = 0.824862
r0.74 = 0.877202
r0.75 = 0.877202
r0.76 = 0.877202
r0.77 = 0.877202
r0.78 = 0.877202
r0.79 = 0.877202
r0.80 = 0.877202
r0.81 = 0.877202
r0.82 = 0.877202
r0.83 = 0.877202
r0.84 = 0.877202
r0.85 = 0.877202
r0.86 = 0.877202
r0.87 = 0.877202
r0.88 = 0.877202
r0.89 = 0.877202
r0.90 = 0.877202
r0.91 = 0.877202
r0.92 = 0.877202
r0.93 = 0.877202
r0.94 = 0.877202
r0.95 = 0.877202
r0.96 = 0.877202
r0.97 = 0.877202
r0.98 = 0.877202
r0.99 = 0.877202
r1.00 = 1.000000
rr0 = 0.767992
rr1 = 0.986412
