t0.00 = 460.640000
t0.01 = 0.292314
t0.02 = 0.298404
t0.03 = 0.298404
t0.04 = 0.298404
t0.05 = 0.294485
t0.06 = 0.301130
t0.07 = 0.304741
t0.08 = 0.311827
t0.09 = 0.319252
t0.10 = 0.310743
t0.11 = 0.310743
t0.12 = 0.318711
t0.13 = 0.318711
t0.14 = 0.335855
t0.15 = 0.345184
t0.16 = 0.345184
t0.17 = 0.338735
t0.18 = 0.345206
t0.19 = 0.355993
t0.20 = 0.355993
t0.21 = 0.364829
t0.22 = 0.364829
t0.23 = 0.389990
t0.24 = 0.379375
t0.25 = 0.393426
t0.26 = 0.393426
t0.27 = 0.393426
t0.28 = 0.393426
t0.29 = 0.393426
t0.30 = 0.404577
t0.31 = 0.404577
t0.32 = 0.404577
t0.33 = 0.404577
t0.34 = 0.404577
t0.35 = 0.404577
t0.36 = 0.404577
t0.37 = 0.421434
t0.38 = 0.421434
t0.39 = 0.420398
t0.40 = 0.420398
t0.41 = 0.420398
t0.42 = 0.413616
t0.43 = 0.413616
t0.44 = 0.408644
t0.45 = 0.432607
t0.46 = 0.432607
t0.47 = 0.432607
t0.48 = 0.483502
t0.49 = 0.483502
t0.50 = 0.483502
t0.51 = 0.483502
t0.52 = 0.470965
t0.53 = 0.454809
t0.54 = 0.454809
t0.55 = 0.454809
t0.56 = 0.487296
t0.57 = 0.487296
t0.58 = 0.487296
t0.59 = 0.487296
t0.60 = 0.524780
t0.61 = 0.528814
t0.62 = 0.528814
t0.63 = 0.614801
t0.64 = 0.614801
t0.65 = 0.674268
t0.66 = 0.674268
t0.67 = 0.674268
t0.68 = 0.674268
t0.69 = 0.674268
t0.70 = 0.674268
t0.71 = 0.674268
t0.72 = 0.674268
t0.73 = 0.758551
t0.74 = 0.758551
t0.75 = 0.758551
t0.76 = 0.787521
t0.77 = 0.787521
t0.78 = 0.794527
t0.79 = 0.782960
t0.80 = 0.782960
t0.81 = 0.782960
t0.82 = 0.879561
t0.83 = 0.879561
t0.84 = 0.879561
t0.85 = 0.879561
t0.86 = 0.879561
t0.87 = 0.928483
t0.88 = 0.928483
t0.89 = 0.928483
t0.90 = 0.928483
t0.91 = 0.928483
t0.92 = 0.928483
t0.93 = 0.928483
t0.94 = 0.928483
t0.95 = 0.928483
t0.96 = 0.928483
t0.97 = 0.928483
t0.98 = 0.928483
t0.99 = 0.928483
t1.00 = 1.000000
tr0 = 0.993781
tr1 = 0.863184
r0.00 = 460.640000
r0.01 = 0.292314
r0.02 = 0.298404
r0.03 = 0.298404
r0.04 = 0.298404
r0.05 = 0.294485
r0.06 = 0.301130
r0.07 = 0.304741
r0.08 = 0.311827
r0.09 = 0.319252
r0.10 = 0.310743
r0.11 = 0.310743
r0.12 = 0.318711
r0.13 = 0.318711
r0.14 = 0.335855
r0.15 = 0.345184
r0.16 = 0.345184
r0.17 = 0.338735
r0.18 = 0.345206
r0.19 = 0.355993
r0.20 = 0.355993
r0.21 = 0.364829
r0.22 = 0.364829
r0.23 = 0.389990
r0.24 = 0.379375
r0.25 = 0.393426
r0.26 = 0.393426
r0.27 = 0.393426
r0.28 = 0.393426
r0.29 = 0.393426
r0.30 = 0.404577
r0.31 = 0.404577
r0.32 = 0.404577
r0.33 = 0.404577
r0.34 = 0.404577
r0.35 = 0.404577
r0.36 = 0.404577
r0.37 = 0.421434
r0.38 = 0.421434
r0.39 = 0.420398
r0.40 = 0.420398
r0.41 = 0.420398
r0.42 = 0.413616
r0.43 = 0.413616
r0.44 = 0.408644
r0.45 = 0.432607
r0.46 = 0.432607
r0.47 = 0.432607
r0.48 = 0.483502
r0.49 = 0.483502
r0.50 = 0.483502
r0.51 = 0.483502
r0.52 = 0.470965
r0.53 = 0.454809
r0.54 = 0.454809
r0.55 = 0.454809
r0.56 = 0.487296
r0.57 = 0.487296
r0.58 = 0.487296
r0.59 = 0.487296
r0.60 = 0.524780
r0.61 = 0.528814
r0.62 = 0.528814
r0.63 = 0.614801
r0.64 = 0.614801
r0.65 = 0.674268
r0.66 = 0.674268
r0.67 = 0.674268
r0.68 = 0.674268
r0.69 = 0.674268
r0.70 = 0.674268
r0.71 = 0.674268
r0.72 = 0.674268
r0.73 = 0.758551
r0.74 = 0.758551
r0.75 = 0.758551
r0.76 = 0.787521
r0.77 = 0.787521
r0.78 = 0.794527
r0.79 = 0.782960
r0.80 = 0.782960
r0.81 = 0.782960
r0.82 = 0.879561
r0.83 = 0.879561
r0.84 = 0.879561
r0.85 = 0.879561
r0.86 = 0.879561
r0.87 = 0.928483
r0.88 = 0.928483
r0.89 = 0.928483
r0.90 = 0.928483
r0.91 = 0.928483
r0.92 = 0.928483
r0.93 = 0.928483
r0.94 = 0.928483
r0.95 = 0.928483
r0.96 = 0.928483
r0.97 = 0.928483
r0.98 = 0.928483
r0.99 = 0.928483
r1.00 = 1.000000
rr0 = 0.993781
rr1 = 0.863184
