t0.00 = 89.960000
t0.01 = 0.044324
t0.02 = 0.045248
t0.03 = 0.046211
t0.04 = 0.047215
t0.05 = 0.048264
t0.06 = 0.054540
t0.07 = 0.054540
t0.08 = 0.055870
t0.09 = 0.057267
t0.10 = 0.058735
t0.11 = 0.061910
t0.12 = 0.061910
t0.13 = 0.063630
t0.14 = 0.063630
t0.15 = 0.063630
t0.16 = 0.070161
t0.17 = 0.073892
t0.18 = 0.076510
t0.19 = 0.079060
t0.20 = 0.084707
t0.21 = 0.084707
t0.22 = 0.091910
t0.23 = 0.095587
t0.24 = 0.095587
t0.25 = 0.095587
t0.26 = 0.095587
t0.27 = 0.095587
t0.28 = 0.095587
t0.29 = 0.095587
t0.30 = 0.115214
t0.31 = 0.121263
t0.32 = 0.127038
t0.33 = 0.127038
t0.34 = 0.127038
t0.35 = 0.127038
t0.36 = 0.127038
t0.37 = 0.127038
t0.38 = 0.127038
t0.39 = 0.135901
t0.40 = 0.135901
t0.41 = 0.162133
t0.42 = 0.162133
t0.43 = 0.185689
t0.44 = 0.185689
t0.45 = 0.185689
t0.46 = 0.185689
t0.47 = 0.198358
t0.48 = 0.198358
t0.49 = 0.198358
t0.50 = 0.198358
t0.51 = 0.198358
t0.52 = 0.198358
t0.53 = 0.198358
t0.54 = 0.198358
t0.55 = 0.204629
t0.56 = 0.223415
t0.57 = 0.248954
t0.58 = 0.268777
t0.59 = 0.268777
t0.60 = 0.268777
t0.61 = 0.268777
t0.62 = 0.268777
t0.63 = 0.268777
t0.64 = 0.268777
t0.65 = 0.268777
t0.66 = 0.268777
t0.67 = 0.270642
t0.68 = 0.270642
t0.69 = 0.270642
t0.70 = 0.270642
t0.71 = 0.270642
t0.72 = 0.270642
t0.73 = 0.270642
t0.74 = 0.270642
t0.75 = 0.270642
t0.76 = 0.270642
t0.77 = 0.304804
t0.78 = 0.304804
t0.79 = 0.304804
t0.80 = 0.342623
t0.81 = 0.342623
t0.82 = 0.342623
t0.83 = 0.399726
t0.84 = 0.466248
t0.85 = 0.466248
t0.86 = 0.466248
t0.87 = 0.466248
t0.88 = 0.466248
t0.89 = 0.658136
t0.90 = 0.658136
t0.91 = 0.658136
t0.92 = 0.658136
t0.93 = 0.658136
t0.94 = 0.658136
t0.95 = 0.831965
t0.96 = 0.831965
t0.97 = 0.831965
t0.98 = 0.831965
t0.99 = 0.831965
t1.00 = 1.000000
tr0 = 0.771125
tr1 = 0.892805
r0.00 = 89.960000
r0.01 = 0.044324
r0.02 = 0.045248
r0.03 = 0.046211
r0.04 = 0.047215
r0.05 = 0.048264
r0.06 = 0.054540
r0.07 = 0.054540
r0.08 = 0.055870
r0.09 = 0.057267
r0.10 = 0.058735
r0.11 = 0.061910
r0.12 = 0.061910
r0.13 = 0.063630
r0.14 = 0.063630
r0.15 = 0.063630
r0.16 = 0.070161
r0.17 = 0.073892
r0.18 = 0.076510
r0.19 = 0.079060
r0.20 = 0.084707
r0.21 = 0.084707
r0.22 = 0.091910
r0.23 = 0.095587
r0.24 = 0.095587
r0.25 = 0.095587
r0.26 = 0.095587
r0.27 = 0.095587
r0.28 = 0.095587
r0.29 = 0.095587
r0.30 = 0.115214
r0.31 = 0.121263
r0.32 = 0.127038
r0.33 = 0.127038
r0.34 = 0.127038
r0.35 = 0.127038
r0.36 = 0.127038
r0.37 = 0.127038
r0.38 = 0.127038
r0.39 = 0.135901
r0.40 = 0.135901
r0.41 = 0.162133
r0.42 = 0.162133
r0.43 = 0.185689
r0.44 = 0.185689
r0.45 = 0.185689
r0.46 = 0.185689
r0.47 = 0.198358
r0.48 = 0.198358
r0.49 = 0.198358
r0.50 = 0.198358
r0.51 = 0.198358
r0.52 = 0.198358
r0.53 = 0.198358
r0.54 = 0.198358
r0.55 = 0.204629
r0.56 = 0.223415
r0.57 = 0.248954
r0.58 = 0.268777
r0.59 = 0.268777
r0.60 = 0.268777
r0.61 = 0.268777
r0.62 = 0.268777
r0.63 = 0.268777
r0.64 = 0.268777
r0.65 = 0.268777
r0.66 = 0.268777
r0.67 = 0.270642
r0.68 = 0.270642
r0.69 = 0.270642
r0.70 = 0.270642
r0.71 = 0.270642
r0.72 = 0.270642
r0.73 = 0.270642
r0.74 = 0.270642
r0.75 = 0.270642
r0.76 = 0.270642
r0.77 = 0.304804
r0.78 = 0.304804
r0.79 = 0.304804
r0.80 = 0.342623
r0.81 = 0.342623
r0.82 = 0.342623
r0.83 = 0.399726
r0.84 = 0.466248
r0.85 = 0.466248
r0.86 = 0.466248
r0.87 = 0.466248
r0.88 = 0.466248
r0.89 = 0.658136
r0.90 = 0.658136
r0.91 = 0.658136
r0.92 = 0.658136
r0.93 = 0.658136
r0.94 = 0.658136
r0.95 = 0.831965
r0.96 = 0.831965
r0.97 = 0.831965
r0.98 = 0.831965
r0.99 = 0.831965
r1.00 = 1.000000
rr0 = 0.771125
rr1 = 0.892805
