t0.00 = 127.640000
t0.01 = 0.062566
t0.02 = 0.063897
t0.03 = 0.065286
t0.04 = 0.068253
t0.05 = 0.069841
t0.06 = 0.073248
t0.07 = 0.073248
t0.08 = 0.075631
t0.09 = 0.079719
t0.10 = 0.084275
t0.11 = 0.085364
t0.12 = 0.092752
t0.13 = 0.095744
t0.14 = 0.095744
t0.15 = 0.095744
t0.16 = 0.098935
t0.17 = 0.108476
t0.18 = 0.108476
t0.19 = 0.116994
t0.20 = 0.122735
t0.21 = 0.122735
t0.22 = 0.129217
t0.23 = 0.134835
t0.24 = 0.153975
t0.25 = 0.161673
t0.26 = 0.161673
t0.27 = 0.161673
t0.28 = 0.161673
t0.29 = 0.170183
t0.30 = 0.170183
t0.31 = 0.170183
t0.32 = 0.170183
t0.33 = 0.170183
t0.34 = 0.182936
t0.35 = 0.182936
t0.36 = 0.182936
t0.37 = 0.182936
t0.38 = 0.182936
t0.39 = 0.193697
t0.40 = 0.193697
t0.41 = 0.203273
t0.42 = 0.203273
t0.43 = 0.230962
t0.44 = 0.230962
t0.45 = 0.230962
t0.46 = 0.230962
t0.47 = 0.266944
t0.48 = 0.276612
t0.49 = 0.284885
t0.50 = 0.299345
t0.51 = 0.299345
t0.52 = 0.336763
t0.53 = 0.336763
t0.54 = 0.336763
t0.55 = 0.336763
t0.56 = 0.336763
t0.57 = 0.336763
t0.58 = 0.336763
t0.59 = 0.336763
t0.60 = 0.344065
t0.61 = 0.344065
t0.62 = 0.344065
t0.63 = 0.383416
t0.64 = 0.429780
t0.65 = 0.480094
t0.66 = 0.480094
t0.67 = 0.480094
t0.68 = 0.480094
t0.69 = 0.480094
t0.70 = 0.480094
t0.71 = 0.545959
t0.72 = 0.545959
t0.73 = 0.545959
t0.74 = 0.545959
t0.75 = 0.545959
t0.76 = 0.545959
t0.77 = 0.545959
t0.78 = 0.545959
t0.79 = 0.545959
t0.80 = 0.545959
t0.81 = 0.545959
t0.82 = 0.545959
t0.83 = 0.545959
t0.84 = 0.545959
t0.85 = 0.648448
t0.86 = 0.648448
t0.87 = 0.648448
t0.88 = 0.648448
t0.89 = 0.648448
t0.90 = 0.648448
t0.91 = 0.648448
t0.92 = 0.648448
t0.93 = 0.648448
t0.94 = 0.648448
t0.95 = 0.648448
t0.96 = 0.648448
t0.97 = 0.648448
t0.98 = 0.648448
t0.99 = 0.648448
t1.00 = 1.000000
tr0 = 0.897436
tr1 = 0.399460
r0.00 = 127.640000
r0.01 = 0.062566
r0.02 = 0.063897
r0.03 = 0.065286
r0.04 = 0.068253
r0.05 = 0.069841
r0.06 = 0.073248
r0.07 = 0.073248
r0.08 = 0.075631
r0.09 = 0.079719
r0.10 = 0.084275
r0.11 = 0.085364
r0.12 = 0.092752
r0.13 = 0.095744
r0.14 = 0.095744
r0.15 = 0.095744
r0.16 = 0.098935
r0.17 = 0.108476
r0.18 = 0.108476
r0.19 = 0.116994
r0.20 = 0.122735
r0.21 = 0.122735
r0.22 = 0.129217
r0.23 = 0.134835
r0.24 = 0.153975
r0.25 = 0.161673
r0.26 = 0.161673
r0.27 = 0.161673
r0.28 = 0.161673
r0.29 = 0.170183
r0.30 = 0.170183
r0.31 = 0.170183
r0.32 = 0.170183
r0.33 = 0.170183
r0.34 = 0.182936
r0.35 = 0.182936
r0.36 = 0.182936
r0.37 = 0.182936
r0.38 = 0.182936
r0.39 = 0.193697
r0.40 = 0.193697
r0.41 = 0.203273
r0.42 = 0.203273
r0.43 = 0.230962
r0.44 = 0.230962
r0.45 = 0.230962
r0.46 = 0.230962
r0.47 = 0.266944
r0.48 = 0.276612
r0.49 = 0.284885
r0.50 = 0.299345
r0.51 = 0.299345
r0.52 = 0.336763
r0.53 = 0.336763
r0.54 = 0.336763
r0.55 = 0.336763
r0.56 = 0.336763
r0.57 = 0.336763
r0.58 = 0.336763
r0.59 = 0.336763
r0.60 = 0.344065
r0.61 = 0.344065
r0.62 = 0.344065
r0.63 = 0.383416
r0.64 = 0.429780
r0.65 = 0.480094
r0.66 = 0.480094
r0.67 = 0.480094
r0.68 = 0.480094
r0.69 = 0.480094
r0.70 = 0.480094
r0.71 = 0.545959
r0.72 = 0.545959
r0.73 = 0.545959
r0.74 = 0.545959
r0.75 = 0.545959
r0.76 = 0.545959
r0.77 = 0.545959
r0.78 = 0.545959
r0.79 = 0.545959
r0.80 = 0.545959
r0.81 = 0.545959
r0.82 = 0.545959
r0.83 = 0.545959
r0.84 = 0.545959
r0.85 = 0.648448
r0.86 = 0.648448
r0.87 = 0.648448
r0.88 = 0.648448
r0.89 = 0.648448
r0.90 = 0.648448
r0.91 = 0.648448
r0.92 = 0.648448
r0.93 = 0.648448
r0.94 = 0.648448
r0.95 = 0.648448
r0.96 = 0.648448
r0.97 = 0.648448
r0.98 = 0.648448
r0.99 = 0.648448
r1.00 = 1.000000
rr0 = 0.897436
rr1 = 0.399460
