t0.00 = 116.020000
t0.01 = 0.069377
t0.02 = 0.074002
t0.03 = 0.074002
t0.04 = 0.074002
t0.05 = 0.079288
t0.06 = 0.082090
t0.07 = 0.082090
t0.08 = 0.082090
t0.09 = 0.082090
t0.10 = 0.082134
t0.11 = 0.084295
t0.12 = 0.094751
t0.13 = 0.094751
t0.14 = 0.097458
t0.15 = 0.105382
t0.16 = 0.108675
t0.17 = 0.108675
t0.18 = 0.106070
t0.19 = 0.106070
t0.20 = 0.106070
t0.21 = 0.106070
t0.22 = 0.106070
t0.23 = 0.106070
t0.24 = 0.109606
t0.25 = 0.109606
t0.26 = 0.113385
t0.27 = 0.118788
t0.28 = 0.118788
t0.29 = 0.122146
t0.30 = 0.132675
t0.31 = 0.132675
t0.32 = 0.132675
t0.33 = 0.132675
t0.34 = 0.146862
t0.35 = 0.146862
t0.36 = 0.146862
t0.37 = 0.146862
t0.38 = 0.153247
t0.39 = 0.167377
t0.40 = 0.175316
t0.41 = 0.175316
t0.42 = 0.175316
t0.43 = 0.175316
t0.44 = 0.184686
t0.45 = 0.184686
t0.46 = 0.184686
t0.47 = 0.196968
t0.48 = 0.196968
t0.49 = 0.196968
t0.50 = 0.196968
t0.51 = 0.217100
t0.52 = 0.217100
t0.53 = 0.217100
t0.54 = 0.217100
t0.55 = 0.231573
t0.56 = 0.273967
t0.57 = 0.300699
t0.58 = 0.300699
t0.59 = 0.300699
t0.60 = 0.329162
t0.61 = 0.329162
t0.62 = 0.329162
t0.63 = 0.329162
t0.64 = 0.329162
t0.65 = 0.346919
t0.66 = 0.346919
t0.67 = 0.346919
t0.68 = 0.346919
t0.69 = 0.390284
t0.70 = 0.390284
t0.71 = 0.390284
t0.72 = 0.390284
t0.73 = 0.390284
t0.74 = 0.390284
t0.75 = 0.393554
t0.76 = 0.393554
t0.77 = 0.393554
t0.78 = 0.393554
t0.79 = 0.393554
t0.80 = 0.393554
t0.81 = 0.418963
t0.82 = 0.418963
t0.83 = 0.418963
t0.84 = 0.477842
t0.85 = 0.477842
t0.86 = 0.477842
t0.87 = 0.477842
t0.88 = 0.637007
t0.89 = 0.637007
t0.90 = 0.637007
t0.91 = 0.637007
t0.92 = 0.637007
t0.93 = 0.637007
t0.94 = 0.637007
t0.95 = 0.637007
t0.96 = 0.637007
t0.97 = 0.637007
t0.98 = 0.637007
t0.99 = 0.783295
t1.00 = 1.000000
tr0 = 0.857635
tr1 = 0.708955
r0.00 = 116.020000
r0.01 = 0.069377
r0.02 = 0.074002
r0.03 = 0.074002
r0.04 = 0.074002
r0.05 = 0.079288
r0.06 = 0.082090
r0.07 = 0.082090
r0.08 = 0.082090
r0.09 = 0.082090
r0.10 = 0.082134
r0.11 = 0.084295
r0.12 = 0.094751
r0.13 = 0.094751
r0.14 = 0.097458
r0.15 = 0.105382
r0.16 = 0.108675
r0.17 = 0.108675
r0.18 = 0.106070
r0.19 = 0.106070
r0.20 = 0.106070
r0.21 = 0.106070
r0.22 = 0.106070
r0.23 = 0.106070
r0.24 = 0.109606
r0.25 = 0.109606
r0.26 = 0.113385
r0.27 = 0.118788
r0.28 = 0.118788
r0.29 = 0.122146
r0.30 = 0.132675
r0.31 = 0.132675
r0.32 = 0.132675
r0.33 = 0.132675
r0.34 = 0.146862
r0.35 = 0.146862
r0.36 = 0.146862
r0.37 = 0.146862
r0.38 = 0.153247
r0.39 = 0.167377
r0.40 = 0.175316
r0.41 = 0.175316
r0.42 = 0.175316
r0.43 = 0.175316
r0.44 = 0.184686
r0.45 = 0.184686
r0.46 = 0.184686
r0.47 = 0.196968
r0.48 = 0.196968
r0.49 = 0.196968
r0.50 = 0.196968
r0.51 = 0.217100
r0.52 = 0.217100
r0.53 = 0.217100
r0.54 = 0.217100
r0.55 = 0.231573
r0.56 = 0.273967
r0.57 = 0.300699
r0.58 = 0.300699
r0.59 = 0.300699
r0.60 = 0.329162
r0.61 = 0.329162
r0.62 = 0.329162
r0.63 = 0.329162
r0.64 = 0.329162
r0.65 = 0.346919
r0.66 = 0.346919
r0.67 = 0.346919
r0.68 = 0.346919
r0.69 = 0.390284
r0.70 = 0.390284
r0.71 = 0.390284
r0.72 = 0.390284
r0.73 = 0.390284
r0.74 = 0.390284
r0.75 = 0.393554
r0.76 = 0.393554
r0.77 = 0.393554
r0.78 = 0.393554
r0.79 = 0.393554
r0.80 = 0.393554
r0.81 = 0.418963
r0.82 = 0.418963
r0.83 = 0.418963
r0.84 = 0.477842
r0.85 = 0.477842
r0.86 = 0.477842
r0.87 = 0.477842
r0.88 = 0.637007
r0.89 = 0.637007
r0.90 = 0.637007
r0.91 = 0.637007
r0.92 = 0.637007
r0.93 = 0.637007
r0.94 = 0.637007
r0.95 = 0.637007
r0.96 = 0.637007
r0.97 = 0.637007
r0.98 = 0.637007
r0.99 = 0.783295
r1.00 = 1.000000
rr0 = 0.857635
rr1 = 0.708955
