t0.00 = 1.680000
t0.01 = 0.000365
t0.02 = 0.000500
t0.03 = 0.000700
t0.04 = 0.000700
t0.05 = 0.000873
t0.06 = 0.001043
t0.07 = 0.001626
t0.08 = 0.002399
t0.09 = 0.002399
t0.10 = 0.002467
t0.11 = 0.004666
t0.12 = 0.005471
t0.13 = 0.005471
t0.14 = 0.005471
t0.15 = 0.005471
t0.16 = 0.005471
t0.17 = 0.005471
t0.18 = 0.007449
t0.19 = 0.008512
t0.20 = 0.011275
t0.21 = 0.011275
t0.22 = 0.011275
t0.23 = 0.013296
t0.24 = 0.013874
t0.25 = 0.013874
t0.26 = 0.014505
t0.27 = 0.016467
t0.28 = 0.019327
t0.29 = 0.019327
t0.30 = 0.020345
t0.31 = 0.020345
t0.32 = 0.023186
t0.33 = 0.023186
t0.34 = 0.027417
t0.35 = 0.034581
t0.36 = 0.034581
t0.37 = 0.039084
t0.38 = 0.039084
t0.39 = 0.050780
t0.40 = 0.071627
t0.41 = 0.081019
t0.42 = 0.081019
t0.43 = 0.095879
t0.44 = 0.095879
t0.45 = 0.095879
t0.46 = 0.095879
t0.47 = 0.095879
t0.48 = 0.123814
t0.49 = 0.123814
t0.50 = 0.123814
t0.51 = 0.123814
t0.52 = 0.123814
t0.53 = 0.150994
t0.54 = 0.150994
t0.55 = 0.150994
t0.56 = 0.150994
t0.57 = 0.150994
t0.58 = 0.150994
t0.59 = 0.150994
t0.60 = 0.150994
t0.61 = 0.205702
t0.62 = 0.205702
t0.63 = 0.205702
t0.64 = 0.205702
t0.65 = 0.205702
t0.66 = 0.205702
t0.67 = 0.205702
t0.68 = 0.205702
t0.69 = 0.205702
t0.70 = 0.302794
t0.71 = 0.302794
t0.72 = 0.302794
t0.73 = 0.302794
t0.74 = 0.302794
t0.75 = 0.302794
t0.76 = 0.302794
t0.77 = 0.302794
t0.78 = 0.302794
t0.79 = 0.302794
t0.80 = 0.302794
t0.81 = 0.302794
t0.82 = 0.302794
t0.83 = 0.302794
t0.84 = 0.302794
t0.85 = 0.302794
t0.86 = 0.302794
t0.87 = 0.302794
t0.88 = 0.302794
t0.89 = 0.302794
t0.90 = 0.482456
t0.91 = 0.482456
t0.92 = 0.482456
t0.93 = 0.482456
t0.94 = 0.482456
t0.95 = 0.482456
t0.96 = 0.482456
t0.97 = 0.482456
t0.98 = 0.482456
t0.99 = 0.482456
t1.00 = 1.000000
tr0 = 0.167057
tr1 = 0.797856
r0.00 = 1.680000
r0.01 = 0.000365
r0.02 = 0.000500
r0.03 = 0.000700
r0.04 = 0.000700
r0.05 = 0.000873
r0.06 = 0.001043
r0.07 = 0.001626
r0.08 = 0.002399
r0.09 = 0.002399
r0.10 = 0.002467
r0.11 = 0.004666
r0.12 = 0.005471
r0.13 = 0.005471
r0.14 = 0.005471
r0.15 = 0.005471
r0.16 = 0.005471
r0.17 = 0.005471
r0.18 = 0.007449
r0.19 = 0.008512
r0.20 = 0.011275
r0.21 = 0.011275
r0.22 = 0.011275
r0.23 = 0.013296
r0.24 = 0.013874
r0.25 = 0.013874
r0.26 = 0.014505
r0.27 = 0.016467
r0.28 = 0.019327
r0.29 = 0.019327
r0.30 = 0.020345
r0.31 = 0.020345
r0.32 = 0.023186
r0.33 = 0.023186
r0.34 = 0.027417
r0.35 = 0.034581
r0.36 = 0.034581
r0.37 = 0.039084
r0.38 = 0.039084
r0.39 = 0.050780
r0.40 = 0.071627
r0.41 = 0.081019
r0.42 = 0.081019
r0.43 = 0.095879
r0.44 = 0.095879
r0.45 = 0.095879
r0.46 = 0.095879
r0.47 = 0.095879
r0.48 = 0.123814
r0.49 = 0.123814
r0.50 = 0.123814
r0.51 = 0.123814
r0.52 = 0.123814
r0.53 = 0.150994
r0.54 = 0.150994
r0.55 = 0.150994
r0.56 = 0.150994
r0.57 = 0.150994
r0.58 = 0.150994
r0.59 = 0.150994
r0.60 = 0.150994
r0.61 = 0.205702
r0.62 = 0.205702
r0.63 = 0.205702
r0.64 = 0.205702
r0.65 = 0.205702
r0.66 = 0.205702
r0.67 = 0.205702
r0.68 = 0.205702
r0.69 = 0.205702
r0.70 = 0.302794
r0.71 = 0.302794
r0.72 = 0.302794
r0.73 = 0.302794
r0.74 = 0.302794
r0.75 = 0.302794
r0.76 = 0.302794
r0.77 = 0.302794
r0.78 = 0.302794
r0.79 = 0.302794
r0.80 = 0.302794
r0.81 = 0.302794
r0.82 = 0.302794
r0.83 = 0.302794
r0.84 = 0.302794
r0.85 = 0.302794
r0.86 = 0.302794
r0.87 = 0.302794
r0.88 = 0.302794
r0.89 = 0.302794
r0.90 = 0.482456
r0.91 = 0.482456
r0.92 = 0.482456
r0.93 = 0.482456
r0.94 = 0.482456
r0.95 = 0.482456
r0.96 = 0.482456
r0.97 = 0.482456
r0.98 = 0.482456
r0.99 = 0.482456
r1.00 = 1.000000
rr0 = 0.167057
rr1 = 0.797856
