t0.00 = 113.280000
t0.01 = 0.046255
t0.02 = 0.049272
t0.03 = 0.060700
t0.04 = 0.060700
t0.05 = 0.060700
t0.06 = 0.063735
t0.07 = 0.065370
t0.08 = 0.067090
t0.09 = 0.073463
t0.10 = 0.076088
t0.11 = 0.094925
t0.12 = 0.088769
t0.13 = 0.088769
t0.14 = 0.088769
t0.15 = 0.089056
t0.16 = 0.092237
t0.17 = 0.097684
t0.18 = 0.097684
t0.19 = 0.108539
t0.20 = 0.113062
t0.21 = 0.113062
t0.22 = 0.113062
t0.23 = 0.113062
t0.24 = 0.113062
t0.25 = 0.127441
t0.26 = 0.127441
t0.27 = 0.127441
t0.28 = 0.136275
t0.29 = 0.145384
t0.30 = 0.145384
t0.31 = 0.147815
t0.32 = 0.157334
t0.33 = 0.164616
t0.34 = 0.175590
t0.35 = 0.175590
t0.36 = 0.188132
t0.37 = 0.197895
t0.38 = 0.236895
t0.39 = 0.236895
t0.40 = 0.236895
t0.41 = 0.236895
t0.42 = 0.236895
t0.43 = 0.236895
t0.44 = 0.236895
t0.45 = 0.269748
t0.46 = 0.269748
t0.47 = 0.269748
t0.48 = 0.269748
t0.49 = 0.269748
t0.50 = 0.269748
t0.51 = 0.269748
t0.52 = 0.269748
t0.53 = 0.269748
t0.54 = 0.269748
t0.55 = 0.269748
t0.56 = 0.299720
t0.57 = 0.299720
t0.58 = 0.299720
t0.59 = 0.299720
t0.60 = 0.299720
t0.61 = 0.299720
t0.62 = 0.299720
t0.63 = 0.299720
t0.64 = 0.299720
t0.65 = 0.299720
t0.66 = 0.343137
t0.67 = 0.385869
t0.68 = 0.375083
t0.69 = 0.375083
t0.70 = 0.375083
t0.71 = 0.375083
t0.72 = 0.375083
t0.73 = 0.375083
t0.74 = 0.458183
t0.75 = 0.458183
t0.76 = 0.458183
t0.77 = 0.458183
t0.78 = 0.458183
t0.79 = 0.706283
t0.80 = 0.706283
t0.81 = 0.706283
t0.82 = 0.706283
t0.83 = 0.706283
t0.84 = 0.706283
t0.85 = 0.706283
t0.86 = 0.706283
t0.87 = 0.706283
t0.88 = 0.706283
t0.89 = 0.706283
t0.90 = 0.706283
t0.91 = 0.706283
t0.92 = 0.706283
t0.93 = 0.706283
t0.94 = 0.706283
t0.95 = 0.796118
t0.96 = 0.796118
t0.97 = 0.796118
t0.98 = 0.796118
t0.99 = 0.796118
t1.00 = 1.000000
tr0 = 0.653862
tr1 = 0.938375
r0.00 = 113.280000
r0.01 = 0.046255
r0.02 = 0.049272
r0.03 = 0.060700
r0.04 = 0.060700
r0.05 = 0.060700
r0.06 = 0.063735
r0.07 = 0.065370
r0.08 = 0.067090
r0.09 = 0.073463
r0.10 = 0.076088
r0.11 = 0.094925
r0.12 = 0.088769
r0.13 = 0.088769
r0.14 = 0.088769
r0.15 = 0.089056
r0.16 = 0.092237
r0.17 = 0.097684
r0.18 = 0.097684
r0.19 = 0.108539
r0.20 = 0.113062
r0.21 = 0.113062
r0.22 = 0.113062
r0.23 = 0.113062
r0.24 = 0.113062
r0.25 = 0.127441
r0.26 = 0.127441
r0.27 = 0.127441
r0.28 = 0.136275
r0.29 = 0.145384
r0.30 = 0.145384
r0.31 = 0.147815
r0.32 = 0.157334
r0.33 = 0.164616
r0.34 = 0.175590
r0.35 = 0.175590
r0.36 = 0.188132
r0.37 = 0.197895
r0.38 = 0.236895
r0.39 = 0.236895
r0.40 = 0.236895
r0.41 = 0.236895
r0.42 = 0.236895
r0.43 = 0.236895
r0.44 = 0.236895
r0.45 = 0.269748
r0.46 = 0.269748
r0.47 = 0.269748
r0.48 = 0.269748
r0.49 = 0.269748
r0.50 = 0.269748
r0.51 = 0.269748
r0.52 = 0.269748
r0.53 = 0.269748
r0.54 = 0.269748
r0.55 = 0.269748
r0.56 = 0.299720
r0.57 = 0.299720
r0.58 = 0.299720
r0.59 = 0.299720
r0.60 = 0.299720
r0.61 = 0.299720
r0.62 = 0.299720
r0.63 = 0.299720
r0.64 = 0.299720
r0.65 = 0.299720
r0.66 = 0.343137
r0.67 = 0.385869
r0.68 = 0.375083
r0.69 = 0.375083
r0.70 = 0.375083
r0.71 = 0.375083
r0.72 = 0.375083
r0.73 = 0.375083
r0.74 = 0.458183
r0.75 = 0.458183
r0.76 = 0.458183
r0.77 = 0.458183
r0.78 = 0.458183
r0.79 = 0.706283
r0.80 = 0.706283
r0.81 = 0.706283
r0.82 = 0.706283
r0.83 = 0.706283
r0.84 = 0.706283
r0.85 = 0.706283
r0.86 = 0.706283
r0.87 = 0.706283
r0.88 = 0.706283
r0.89 = 0.706283
r0.90 = 0.706283
r0.91 = 0.706283
r0.92 = 0.706283
r0.93 = 0.706283
r0.94 = 0.706283
r0.95 = 0.796118
r0.96 = 0.796118
r0.97 = 0.796118
r0.98 = 0.796118
r0.99 = 0.796118
r1.00 = 1.000000
rr0 = 0.653862
rr1 = 0.938375
