t0.00 = 72.220000
t0.01 = 0.036089
t0.02 = 0.036111
t0.03 = 0.036929
t0.04 = 0.038688
t0.05 = 0.040240
t0.06 = 0.041864
t0.07 = 0.041864
t0.08 = 0.042966
t0.09 = 0.044127
t0.10 = 0.054540
t0.11 = 0.054540
t0.12 = 0.056144
t0.13 = 0.057846
t0.14 = 0.063108
t0.15 = 0.070554
t0.16 = 0.070554
t0.17 = 0.070554
t0.18 = 0.070554
t0.19 = 0.072569
t0.20 = 0.072569
t0.21 = 0.078486
t0.22 = 0.086523
t0.23 = 0.086523
t0.24 = 0.088802
t0.25 = 0.092663
t0.26 = 0.092663
t0.27 = 0.092663
t0.28 = 0.096875
t0.29 = 0.108577
t0.30 = 0.141691
t0.31 = 0.141691
t0.32 = 0.141691
t0.33 = 0.151783
t0.34 = 0.151783
t0.35 = 0.151783
t0.36 = 0.161270
t0.37 = 0.177865
t0.38 = 0.177865
t0.39 = 0.177865
t0.40 = 0.190639
t0.41 = 0.190639
t0.42 = 0.190639
t0.43 = 0.190639
t0.44 = 0.190639
t0.45 = 0.198862
t0.46 = 0.209150
t0.47 = 0.209150
t0.48 = 0.223667
t0.49 = 0.247649
t0.50 = 0.275166
t0.51 = 0.275166
t0.52 = 0.275166
t0.53 = 0.275166
t0.54 = 0.300318
t0.55 = 0.300318
t0.56 = 0.381652
t0.57 = 0.381652
t0.58 = 0.381652
t0.59 = 0.381652
t0.60 = 0.381652
t0.61 = 0.381652
t0.62 = 0.457982
t0.63 = 0.457982
t0.64 = 0.530118
t0.65 = 0.578355
t0.66 = 0.578355
t0.67 = 0.578355
t0.68 = 0.578355
t0.69 = 0.578355
t0.70 = 0.578355
t0.71 = 0.578355
t0.72 = 0.578355
t0.73 = 0.578355
t0.74 = 0.578355
t0.75 = 0.578355
t0.76 = 0.578355
t0.77 = 0.578355
t0.78 = 0.578355
t0.79 = 0.578355
t0.80 = 0.578355
t0.81 = 0.578355
t0.82 = 0.578355
t0.83 = 0.578355
t0.84 = 0.578355
t0.85 = 0.578355
t0.86 = 0.578355
t0.87 = 0.578355
t0.88 = 0.578355
t0.89 = 0.578355
t0.90 = 0.578355
t0.91 = 0.578355
t0.92 = 0.578355
t0.93 = 0.578355
t0.94 = 0.578355
t0.95 = 0.578355
t0.96 = 0.578355
t0.97 = 0.753918
t0.98 = 0.753918
t0.99 = 0.753918
t1.00 = 1.000000
tr0 = 0.903036
tr1 = 0.604799
r0.00 = 72.220000
r0.01 = 0.036089
r0.02 = 0.036111
r0.03 = 0.036929
r0.04 = 0.038688
r0.05 = 0.040240
r0.06 = 0.041864
r0.07 = 0.041864
r0.08 = 0.042966
r0.09 = 0.044127
r0.10 = 0.054540
r0.11 = 0.054540
r0.12 = 0.056144
r0.13 = 0.057846
r0.14 = 0.063108
r0.15 = 0.070554
r0.16 = 0.070554
r0.17 = 0.070554
r0.18 = 0.070554
r0.19 = 0.072569
r0.20 = 0.072569
r0.21 = 0.078486
r0.22 = 0.086523
r0.23 = 0.086523
r0.24 = 0.088802
r0.25 = 0.092663
r0.26 = 0.092663
r0.27 = 0.092663
r0.28 = 0.096875
r0.29 = 0.108577
r0.30 = 0.141691
r0.31 = 0.141691
r0.32 = 0.141691
r0.33 = 0.151783
r0.34 = 0.151783
r0.35 = 0.151783
r0.36 = 0.161270
r0.37 = 0.177865
r0.38 = 0.177865
r0.39 = 0.177865
r0.40 = 0.190639
r0.41 = 0.190639
r0.42 = 0.190639
r0.43 = 0.190639
r0.44 = 0.190639
r0.45 = 0.198862
r0.46 = 0.209150
r0.47 = 0.209150
r0.48 = 0.223667
r0.49 = 0.247649
r0.50 = 0.275166
r0.51 = 0.275166
r0.52 = 0.275166
r0.53 = 0.275166
r0.54 = 0.300318
r0.55 = 0.300318
r0.56 = 0.381652
r0.57 = 0.381652
r0.58 = 0.381652
r0.59 = 0.381652
r0.60 = 0.381652
r0.61 = 0.381652
r0.62 = 0.457982
r0.63 = 0.457982
r0.64 = 0.530118
r0.65 = 0.578355
r0.66 = 0.578355
r0.67 = 0.578355
r0.68 = 0.578355
r0.69 = 0.578355
r0.70 = 0.578355
r0.71 = 0.578355
r0.72 = 0.578355
r0.73 = 0.578355
r0.74 = 0.578355
r0.75 = 0.578355
r0.76 = 0.578355
r0.77 = 0.578355
r0.78 = 0.578355
r0.79 = 0.578355
r0.80 = 0.578355
r0.81 = 0.578355
r0.82 = 0.578355
r0.83 = 0.578355
r0.84 = 0.578355
r0.85 = 0.578355
r0.86 = 0.578355
r0.87 = 0.578355
r0.88 = 0.578355
r0.89 = 0.578355
r0.90 = 0.578355
r0.91 = 0.578355
r0.92 = 0.578355
r0.93 = 0.578355
r0.94 = 0.578355
r0.95 = 0.578355
r0.96 = 0.578355
r0.97 = 0.753918
r0.98 = 0.753918
r0.99 = 0.753918
r1.00 = 1.000000
rr0 = 0.903036
rr1 = 0.604799
