t0.00 = 108.160000
t0.01 = 0.047211
t0.02 = 0.048174
t0.03 = 0.051316
t0.04 = 0.052456
t0.05 = 0.053649
t0.06 = 0.053649
t0.07 = 0.053649
t0.08 = 0.056931
t0.09 = 0.056931
t0.10 = 0.056931
t0.11 = 0.063344
t0.12 = 0.067869
t0.13 = 0.073524
t0.14 = 0.073524
t0.15 = 0.073524
t0.16 = 0.073524
t0.17 = 0.073524
t0.18 = 0.073524
t0.19 = 0.076536
t0.20 = 0.081174
t0.21 = 0.087242
t0.22 = 0.103947
t0.23 = 0.107797
t0.24 = 0.107797
t0.25 = 0.107797
t0.26 = 0.114831
t0.27 = 0.114831
t0.28 = 0.125473
t0.29 = 0.125473
t0.30 = 0.125473
t0.31 = 0.134192
t0.32 = 0.146411
t0.33 = 0.146411
t0.34 = 0.146411
t0.35 = 0.161240
t0.36 = 0.161240
t0.37 = 0.161240
t0.38 = 0.170783
t0.39 = 0.180877
t0.40 = 0.180877
t0.41 = 0.180877
t0.42 = 0.180877
t0.43 = 0.180877
t0.44 = 0.180877
t0.45 = 0.180877
t0.46 = 0.180877
t0.47 = 0.180877
t0.48 = 0.194290
t0.49 = 0.194290
t0.50 = 0.194290
t0.51 = 0.212309
t0.52 = 0.245173
t0.53 = 0.252510
t0.54 = 0.252510
t0.55 = 0.252510
t0.56 = 0.252510
t0.57 = 0.252510
t0.58 = 0.252510
t0.59 = 0.269077
t0.60 = 0.269077
t0.61 = 0.284766
t0.62 = 0.323634
t0.63 = 0.335934
t0.64 = 0.335934
t0.65 = 0.335934
t0.66 = 0.335934
t0.67 = 0.355865
t0.68 = 0.355865
t0.69 = 0.355865
t0.70 = 0.355865
t0.71 = 0.355865
t0.72 = 0.355865
t0.73 = 0.355865
t0.74 = 0.355865
t0.75 = 0.355865
t0.76 = 0.355865
t0.77 = 0.355865
t0.78 = 0.355865
t0.79 = 0.355865
t0.80 = 0.355865
t0.81 = 0.355865
t0.82 = 0.355865
t0.83 = 0.415612
t0.84 = 0.453165
t0.85 = 0.453165
t0.86 = 0.515495
t0.87 = 0.515495
t0.88 = 0.515495
t0.89 = 0.515495
t0.90 = 0.515495
t0.91 = 0.515495
t0.92 = 0.515495
t0.93 = 0.515495
t0.94 = 0.515495
t0.95 = 0.597119
t0.96 = 0.597119
t0.97 = 0.597119
t0.98 = 0.597119
t0.99 = 0.597119
t1.00 = 1.000000
tr0 = 0.679179
tr1 = 0.830205
r0.00 = 108.160000
r0.01 = 0.047211
r0.02 = 0.048174
r0.03 = 0.051316
r0.04 = 0.052456
r0.05 = 0.053649
r0.06 = 0.053649
r0.07 = 0.053649
r0.08 = 0.056931
r0.09 = 0.056931
r0.10 = 0.056931
r0.11 = 0.063344
r0.12 = 0.067869
r0.13 = 0.073524
r0.14 = 0.073524
r0.15 = 0.073524
r0.16 = 0.073524
r0.17 = 0.073524
r0.18 = 0.073524
r0.19 = 0.076536
r0.20 = 0.081174
r0.21 = 0.087242
r0.22 = 0.103947
r0.23 = 0.107797
r0.24 = 0.107797
r0.25 = 0.107797
r0.26 = 0.114831
r0.27 = 0.114831
r0.28 = 0.125473
r0.29 = 0.125473
r0.30 = 0.125473
r0.31 = 0.134192
r0.32 = 0.146411
r0.33 = 0.146411
r0.34 = 0.146411
r0.35 = 0.161240
r0.36 = 0.161240
r0.37 = 0.161240
r0.38 = 0.170783
r0.39 = 0.180877
r0.40 = 0.180877
r0.41 = 0.180877
r0.42 = 0.180877
r0.43 = 0.180877
r0.44 = 0.180877
r0.45 = 0.180877
r0.46 = 0.180877
r0.47 = 0.180877
r0.48 = 0.194290
r0.49 = 0.194290
r0.50 = 0.194290
r0.51 = 0.212309
r0.52 = 0.245173
r0.53 = 0.252510
r0.54 = 0.252510
r0.55 = 0.252510
r0.56 = 0.252510
r0.57 = 0.252510
r0.58 = 0.252510
r0.59 = 0.269077
r0.60 = 0.269077
r0.61 = 0.284766
r0.62 = 0.323634
r0.63 = 0.335934
r0.64 = 0.335934
r0.65 = 0.335934
r0.66 = 0.335934
r0.67 = 0.355865
r0.68 = 0.355865
r0.69 = 0.355865
r0.70 = 0.355865
r0.71 = 0.355865
r0.72 = 0.355865
r0.73 = 0.355865
r0.74 = 0.355865
r0.75 = 0.355865
r0.76 = 0.355865
r0.77 = 0.355865
r0.78 = 0.355865
r0.79 = 0.355865
r0.80 = 0.355865
r0.81 = 0.355865
r0.82 = 0.355865
r0.83 = 0.415612
r0.84 = 0.453165
r0.85 = 0.453165
r0.86 = 0.515495
r0.87 = 0.515495
r0.88 = 0.515495
r0.89 = 0.515495
r0.90 = 0.515495
r0.91 = 0.515495
r0.92 = 0.515495
r0.93 = 0.515495
r0.94 = 0.515495
r0.95 = 0.597119
r0.96 = 0.597119
r0.97 = 0.597119
r0.98 = 0.597119
r0.99 = 0.597119
r1.00 = 1.000000
rr0 = 0.679179
rr1 = 0.830205
