t0.00 = 288.680000
t0.01 = 0.171163
t0.02 = 0.177606
t0.03 = 0.174674
t0.04 = 0.183803
t0.05 = 0.190205
t0.06 = 0.190205
t0.07 = 0.195345
t0.08 = 0.200772
t0.09 = 0.211663
t0.10 = 0.212540
t0.11 = 0.212540
t0.12 = 0.219396
t0.13 = 0.226709
t0.14 = 0.253255
t0.15 = 0.262996
t0.16 = 0.262996
t0.17 = 0.262996
t0.18 = 0.270700
t0.19 = 0.272213
t0.20 = 0.284586
t0.21 = 0.284586
t0.22 = 0.277995
t0.23 = 0.291894
t0.24 = 0.304811
t0.25 = 0.321744
t0.26 = 0.321744
t0.27 = 0.361963
t0.28 = 0.361963
t0.29 = 0.361963
t0.30 = 0.361963
t0.31 = 0.361963
t0.32 = 0.359558
t0.33 = 0.359558
t0.34 = 0.347929
t0.35 = 0.347929
t0.36 = 0.374693
t0.37 = 0.374693
t0.38 = 0.374693
t0.39 = 0.374693
t0.40 = 0.405917
t0.41 = 0.442819
t0.42 = 0.442819
t0.43 = 0.451017
t0.44 = 0.451017
t0.45 = 0.451017
t0.46 = 0.501130
t0.47 = 0.501130
t0.48 = 0.501130
t0.49 = 0.501130
t0.50 = 0.501130
t0.51 = 0.544233
t0.52 = 0.544233
t0.53 = 0.544233
t0.54 = 0.544233
t0.55 = 0.544233
t0.56 = 0.544233
t0.57 = 0.544233
t0.58 = 0.544233
t0.59 = 0.544233
t0.60 = 0.544233
t0.61 = 0.544233
t0.62 = 0.544233
t0.63 = 0.572674
t0.64 = 0.572674
t0.65 = 0.572674
t0.66 = 0.572674
t0.67 = 0.579314
t0.68 = 0.579314
t0.69 = 0.579314
t0.70 = 0.580593
t0.71 = 0.725741
t0.72 = 0.725741
t0.73 = 0.725741
t0.74 = 0.725741
t0.75 = 0.725741
t0.76 = 0.725741
t0.77 = 0.725741
t0.78 = 0.725741
t0.79 = 0.750726
t0.80 = 0.750726
t0.81 = 0.750726
t0.82 = 0.750726
t0.83 = 0.750726
t0.84 = 0.750726
t0.85 = 0.750726
t0.86 = 0.750726
t0.87 = 0.750726
t0.88 = 0.750726
t0.89 = 0.750726
t0.90 = 0.846020
t0.91 = 0.846020
t0.92 = 0.846020
t0.93 = 0.846020
t0.94 = 0.846020
t0.95 = 0.846020
t0.96 = 0.846020
t0.97 = 0.846020
t0.98 = 0.846020
t0.99 = 0.846020
t1.00 = 1.000000
tr0 = 0.763510
tr1 = 0.928530
r0.00 = 288.680000
r0.01 = 0.171163
r0.02 = 0.177606
r0.03 = 0.174674
r0.04 = 0.183803
r0.05 = 0.190205
r0.06 = 0.190205
r0.07 = 0.195345
r0.08 = 0.200772
r0.09 = 0.211663
r0.10 = 0.212540
r0.11 = 0.212540
r0.12 = 0.219396
r0.13 = 0.226709
r0.14 = 0.253255
r0.15 = 0.262996
r0.16 = 0.262996
r0.17 = 0.262996
r0.18 = 0.270700
r0.19 = 0.272213
r0.20 = 0.284586
r0.21 = 0.284586
r0.22 = 0.277995
r0.23 = 0.291894
r0.24 = 0.304811
r0.25 = 0.321744
r0.26 = 0.321744
r0.27 = 0.361963
r0.28 = 0.361963
r0.29 = 0.361963
r0.30 = 0.361963
r0.31 = 0.361963
r0.32 = 0.359558
r0.33 = 0.359558
r0.34 = 0.347929
r0.35 = 0.347929
r0.36 = 0.374693
r0.37 = 0.374693
r0.38 = 0.374693
r0.39 = 0.374693
r0.40 = 0.405917
r0.41 = 0.442819
r0.42 = 0.442819
r0.43 = 0.451017
r0.44 = 0.451017
r0.45 = 0.451017
r0.46 = 0.501130
r0.47 = 0.501130
r0.48 = 0.501130
r0.49 = 0.501130
r0.50 = 0.501130
r0.51 = 0.544233
r0.52 = 0.544233
r0.53 = 0.544233
r0.54 = 0.544233
r0.55 = 0.544233
r0.56 = 0.544233
r0.57 = 0.544233
r0.58 = 0.544233
r0.59 = 0.544233
r0.60 = 0.544233
r0.61 = 0.544233
r0.62 = 0.544233
r0.63 = 0.572674
r0.64 = 0.572674
r0.65 = 0.572674
r0.66 = 0.572674
r0.67 = 0.579314
r0.68 = 0.579314
r0.69 = 0.579314
r0.70 = 0.580593
r0.71 = 0.725741
r0.72 = 0.725741
r0.73 = 0.725741
r0.74 = 0.725741
r0.75 = 0.725741
r0.76 = 0.725741
r0.77 = 0.725741
r0.78 = 0.725741
r0.79 = 0.750726
r0.80 = 0.750726
r0.81 = 0.750726
r0.82 = 0.750726
r0.83 = 0.750726
r0.84 = 0.750726
r0.85 = 0.750726
r0.86 = 0.750726
r0.87 = 0.750726
r0.88 = 0.750726
r0.89 = 0.750726
r0.90 = 0.846020
r0.91 = 0.846020
r0.92 = 0.846020
r0.93 = 0.846020
r0.94 = 0.846020
r0.95 = 0.846020
r0.96 = 0.846020
r0.97 = 0.846020
r0.98 = 0.846020
r0.99 = 0.846020
r1.00 = 1.000000
rr0 = 0.763510
rr1 = 0.928530
