t0.00 = 203.780000
t0.01 = 0.072845
t0.02 = 0.076012
t0.03 = 0.077702
t0.04 = 0.077702
t0.05 = 0.077702
t0.06 = 0.077702
t0.07 = 0.077702
t0.08 = 0.077702
t0.09 = 0.077702
t0.10 = 0.081316
t0.11 = 0.087709
t0.12 = 0.087709
t0.13 = 0.091495
t0.14 = 0.091495
t0.15 = 0.096932
t0.16 = 0.104981
t0.17 = 0.102406
t0.18 = 0.102406
t0.19 = 0.102406
t0.20 = 0.105509
t0.21 = 0.108807
t0.22 = 0.108807
t0.23 = 0.110547
t0.24 = 0.118443
t0.25 = 0.122830
t0.26 = 0.122830
t0.27 = 0.132725
t0.28 = 0.138255
t0.29 = 0.138255
t0.30 = 0.138255
t0.31 = 0.138255
t0.32 = 0.138255
t0.33 = 0.152771
t0.34 = 0.152771
t0.35 = 0.152771
t0.36 = 0.152771
t0.37 = 0.167565
t0.38 = 0.167565
t0.39 = 0.176493
t0.40 = 0.176493
t0.41 = 0.176493
t0.42 = 0.176493
t0.43 = 0.198372
t0.44 = 0.212403
t0.45 = 0.212403
t0.46 = 0.212403
t0.47 = 0.225678
t0.48 = 0.225678
t0.49 = 0.225678
t0.50 = 0.225678
t0.51 = 0.252868
t0.52 = 0.252868
t0.53 = 0.255742
t0.54 = 0.268903
t0.55 = 0.293349
t0.56 = 0.317364
t0.57 = 0.317364
t0.58 = 0.317364
t0.59 = 0.317364
t0.60 = 0.317364
t0.61 = 0.317364
t0.62 = 0.352627
t0.63 = 0.386410
t0.64 = 0.429764
t0.65 = 0.429764
t0.66 = 0.429764
t0.67 = 0.429764
t0.68 = 0.429764
t0.69 = 0.429764
t0.70 = 0.429764
t0.71 = 0.429764
t0.72 = 0.429764
t0.73 = 0.429764
t0.74 = 0.429764
t0.75 = 0.429764
t0.76 = 0.429764
t0.77 = 0.429764
t0.78 = 0.429764
t0.79 = 0.429764
t0.80 = 0.451338
t0.81 = 0.451338
t0.82 = 0.451338
t0.83 = 0.451338
t0.84 = 0.451338
t0.85 = 0.451338
t0.86 = 0.451338
t0.87 = 0.533288
t0.88 = 0.533288
t0.89 = 0.533288
t0.90 = 0.533288
t0.91 = 0.533288
t0.92 = 0.582704
t0.93 = 0.582704
t0.94 = 0.582704
t0.95 = 0.582704
t0.96 = 0.582704
t0.97 = 0.806966
t0.98 = 0.806966
t0.99 = 0.806966
t1.00 = 1.000000
tr0 = 0.945779
tr1 = 0.668154
r0.00 = 203.780000
r0.01 = 0.072845
r0.02 = 0.076012
r0.03 = 0.077702
r0.04 = 0.077702
r0.05 = 0.077702
r0.06 = 0.077702
r0.07 = 0.077702
r0.08 = 0.077702
r0.09 = 0.077702
r0.10 = 0.081316
r0.11 = 0.087709
r0.12 = 0.087709
r0.13 = 0.091495
r0.14 = 0.091495
r0.15 = 0.096932
r0.16 = 0.104981
r0.17 = 0.102406
r0.18 = 0.102406
r0.19 = 0.102406
r0.20 = 0.105509
r0.21 = 0.108807
r0.22 = 0.108807
r0.23 = 0.110547
r0.24 = 0.118443
r0.25 = 0.122830
r0.26 = 0.122830
r0.27 = 0.132725
r0.28 = 0.138255
r0.29 = 0.138255
r0.30 = 0.138255
r0.31 = 0.138255
r0.32 = 0.138255
r0.33 = 0.152771
r0.34 = 0.152771
r0.35 = 0.152771
r0.36 = 0.152771
r0.37 = 0.167565
r0.38 = 0.167565
r0.39 = 0.176493
r0.40 = 0.176493
r0.41 = 0.176493
r0.42 = 0.176493
r0.43 = 0.198372
r0.44 = 0.212403
r0.45 = 0.212403
r0.46 = 0.212403
r0.47 = 0.225678
r0.48 = 0.225678
r0.49 = 0.225678
r0.50 = 0.225678
r0.51 = 0.252868
r0.52 = 0.252868
r0.53 = 0.255742
r0.54 = 0.268903
r0.55 = 0.293349
r0.56 = 0.317364
r0.57 = 0.317364
r0.58 = 0.317364
r0.59 = 0.317364
r0.60 = 0.317364
r0.61 = 0.317364
r0.62 = 0.352627
r0.63 = 0.386410
r0.64 = 0.429764
r0.65 = 0.429764
r0.66 = 0.429764
r0.67 = 0.429764
r0.68 = 0.429764
r0.69 = 0.429764
r0.70 = 0.429764
r0.71 = 0.429764
r0.72 = 0.429764
r0.73 = 0.429764
r0.74 = 0.429764
r0.75 = 0.429764
r0.76 = 0.429764
r0.77 = 0.429764
r0.78 = 0.429764
r0.79 = 0.429764
r0.80 = 0.451338
r0.81 = 0.451338
r0.82 = 0.451338
r0.83 = 0.451338
r0.84 = 0.451338
r0.85 = 0.451338
r0.86 = 0.451338
r0.87 = 0.533288
r0.88 = 0.533288
r0.89 = 0.533288
r0.90 = 0.533288
r0.91 = 0.533288
r0.92 = 0.582704
r0.93 = 0.582704
r0.94 = 0.582704
r0.95 = 0.582704
r0.96 = 0.582704
r0.97 = 0.806966
r0.98 = 0.806966
r0.99 = 0.806966
r1.00 = 1.000000
rr0 = 0.945779
rr1 = 0.668154
