t0.00 = 152.380000
t0.01 = 0.098018
t0.02 = 0.113227
t0.03 = 0.115743
t0.04 = 0.115743
t0.05 = 0.115743
t0.06 = 0.122556
t0.07 = 0.125545
t0.08 = 0.134827
t0.09 = 0.138471
t0.10 = 0.133064
t0.11 = 0.133064
t0.12 = 0.136866
t0.13 = 0.136866
t0.14 = 0.143615
t0.15 = 0.148103
t0.16 = 0.148103
t0.17 = 0.157976
t0.18 = 0.157976
t0.19 = 0.163663
t0.20 = 0.181990
t0.21 = 0.188990
t0.22 = 0.188990
t0.23 = 0.188990
t0.24 = 0.188990
t0.25 = 0.188990
t0.26 = 0.185165
t0.27 = 0.185165
t0.28 = 0.185165
t0.29 = 0.171422
t0.30 = 0.171422
t0.31 = 0.171422
t0.32 = 0.171422
t0.33 = 0.179213
t0.34 = 0.187747
t0.35 = 0.217380
t0.36 = 0.217380
t0.37 = 0.217380
t0.38 = 0.217380
t0.39 = 0.228821
t0.40 = 0.268026
t0.41 = 0.285894
t0.42 = 0.285894
t0.43 = 0.285894
t0.44 = 0.285894
t0.45 = 0.285894
t0.46 = 0.354639
t0.47 = 0.354639
t0.48 = 0.354639
t0.49 = 0.354639
t0.50 = 0.349954
t0.51 = 0.429030
t0.52 = 0.429030
t0.53 = 0.422124
t0.54 = 0.422124
t0.55 = 0.422124
t0.56 = 0.422124
t0.57 = 0.422124
t0.58 = 0.422124
t0.59 = 0.422124
t0.60 = 0.422124
t0.61 = 0.422124
t0.62 = 0.425535
t0.63 = 0.425535
t0.64 = 0.425535
t0.65 = 0.425535
t0.66 = 0.425535
t0.67 = 0.425535
t0.68 = 0.425535
t0.69 = 0.425535
t0.70 = 0.425535
t0.71 = 0.425535
t0.72 = 0.425535
t0.73 = 0.481738
t0.74 = 0.481738
t0.75 = 0.481738
t0.76 = 0.481738
t0.77 = 0.466310
t0.78 = 0.466310
t0.79 = 0.466310
t0.80 = 0.466310
t0.81 = 0.466310
t0.82 = 0.415869
t0.83 = 0.415869
t0.84 = 0.415869
t0.85 = 0.415869
t0.86 = 0.415869
t0.87 = 0.415869
t0.88 = 0.415869
t0.89 = 0.415869
t0.90 = 0.522985
t0.91 = 0.522985
t0.92 = 0.522985
t0.93 = 0.641478
t0.94 = 0.641478
t0.95 = 0.641478
t0.96 = 0.641478
t0.97 = 0.783375
t0.98 = 0.783375
t0.99 = 0.783375
t1.00 = 1.000000
tr0 = 0.694584
tr1 = 0.872166
r0.00 = 152.380000
r0.01 = 0.098018
r0.02 = 0.113227
r0.03 = 0.115743
r0.04 = 0.115743
r0.05 = 0.115743
r0.06 = 0.122556
r0.07 = 0.125545
r0.08 = 0.134827
r0.09 = 0.138471
r0.10 = 0.133064
r0.11 = 0.133064
r0.12 = 0.136866
r0.13 = 0.136866
r0.14 = 0.143615
r0.15 = 0.148103
r0.16 = 0.148103
r0.17 = 0.157976
r0.18 = 0.157976
r0.19 = 0.163663
r0.20 = 0.181990
r0.21 = 0.188990
r0.22 = 0.188990
r0.23 = 0.188990
r0.24 = 0.188990
r0.25 = 0.188990
r0.26 = 0.185165
r0.27 = 0.185165
r0.28 = 0.185165
r0.29 = 0.171422
r0.30 = 0.171422
r0.31 = 0.171422
r0.32 = 0.171422
r0.33 = 0.179213
r0.34 = 0.187747
r0.35 = 0.217380
r0.36 = 0.217380
r0.37 = 0.217380
r0.38 = 0.217380
r0.39 = 0.228821
r0.40 = 0.268026
r0.41 = 0.285894
r0.42 = 0.285894
r0.43 = 0.285894
r0.44 = 0.285894
r0.45 = 0.285894
r0.46 = 0.354639
r0.47 = 0.354639
r0.48 = 0.354639
r0.49 = 0.354639
r0.50 = 0.349954
r0.51 = 0.429030
r0.52 = 0.429030
r0.53 = 0.422124
r0.54 = 0.422124
r0.55 = 0.422124
r0.56 = 0.422124
r0.57 = 0.422124
r0.58 = 0.422124
r0.59 = 0.422124
r0.60 = 0.422124
r0.61 = 0.422124
r0.62 = 0.425535
r0.63 = 0.425535
r0.64 = 0.425535
r0.65 = 0.425535
r0.66 = 0.425535
r0.67 = 0.425535
r0.68 = 0.425535
r0.69 = 0.425535
r0.70 = 0.425535
r0.71 = 0.425535
r0.72 = 0.425535
r0.73 = 0.481738
r0.74 = 0.481738
r0.75 = 0.481738
r0.76 = 0.481738
r0.77 = 0.466310
r0.78 = 0.466310
r0.79 = 0.466310
r0.80 = 0.466310
r0.81 = 0.466310
r0.82 = 0.415869
r0.83 = 0.415869
r0.84 = 0.415869
r0.85 = 0.415869
r0.86 = 0.415869
r0.87 = 0.415869
r0.88 = 0.415869
r0.89 = 0.415869
r0.90 = 0.522985
r0.91 = 0.522985
r0.92 = 0.522985
r0.93 = 0.641478
r0.94 = 0.641478
r0.95 = 0.641478
r0.96 = 0.641478
r0.97 = 0.783375
r0.98 = 0.783375
r0.99 = 0.783375
r1.00 = 1.000000
rr0 = 0.694584
rr1 = 0.872166
