t0.00 = 90.800000
t0.01 = 0.052634
t0.02 = 0.057584
t0.03 = 0.058864
t0.04 = 0.060201
t0.05 = 0.060201
t0.06 = 0.063068
t0.07 = 0.064606
t0.08 = 0.064606
t0.09 = 0.068961
t0.10 = 0.078055
t0.11 = 0.078055
t0.12 = 0.087072
t0.13 = 0.089881
t0.14 = 0.092877
t0.15 = 0.092877
t0.16 = 0.092877
t0.17 = 0.096080
t0.18 = 0.096080
t0.19 = 0.103197
t0.20 = 0.103197
t0.21 = 0.107166
t0.22 = 0.111452
t0.23 = 0.111452
t0.24 = 0.111452
t0.25 = 0.111505
t0.26 = 0.111505
t0.27 = 0.110474
t0.28 = 0.110474
t0.29 = 0.110474
t0.30 = 0.110474
t0.31 = 0.116760
t0.32 = 0.120041
t0.33 = 0.126043
t0.34 = 0.132677
t0.35 = 0.140048
t0.36 = 0.140048
t0.37 = 0.141412
t0.38 = 0.150250
t0.39 = 0.150250
t0.40 = 0.150250
t0.41 = 0.160267
t0.42 = 0.172470
t0.43 = 0.172470
t0.44 = 0.172470
t0.45 = 0.172470
t0.46 = 0.172470
t0.47 = 0.172470
t0.48 = 0.172470
t0.49 = 0.172470
t0.50 = 0.172470
t0.51 = 0.183511
t0.52 = 0.198804
t0.53 = 0.204938
t0.54 = 0.204938
t0.55 = 0.226377
t0.56 = 0.226377
t0.57 = 0.241019
t0.58 = 0.241019
t0.59 = 0.241019
t0.60 = 0.271146
t0.61 = 0.271146
t0.62 = 0.271146
t0.63 = 0.301216
t0.64 = 0.301216
t0.65 = 0.301216
t0.66 = 0.301216
t0.67 = 0.301216
t0.68 = 0.301216
t0.69 = 0.336227
t0.70 = 0.336227
t0.71 = 0.336227
t0.72 = 0.336227
t0.73 = 0.336227
t0.74 = 0.336227
t0.75 = 0.336227
t0.76 = 0.336227
t0.77 = 0.336227
t0.78 = 0.336227
t0.79 = 0.336227
t0.80 = 0.336227
t0.81 = 0.336227
t0.82 = 0.440039
t0.83 = 0.440039
t0.84 = 0.559080
t0.85 = 0.559080
t0.86 = 0.559080
t0.87 = 0.559080
t0.88 = 0.559080
t0.89 = 0.704786
t0.90 = 0.704786
t0.91 = 0.704786
t0.92 = 0.704786
t0.93 = 0.704786
t0.94 = 0.704786
t0.95 = 0.704786
t0.96 = 0.704786
t0.97 = 0.704786
t0.98 = 0.704786
t0.99 = 0.704786
t1.00 = 1.000000
tr0 = 0.719533
tr1 = 0.690039
r0.00 = 90.800000
r0.01 = 0.052634
r0.02 = 0.057584
r0.03 = 0.058864
r0.04 = 0.060201
r0.05 = 0.060201
r0.06 = 0.063068
r0.07 = 0.064606
r0.08 = 0.064606
r0.09 = 0.068961
r0.10 = 0.078055
r0.11 = 0.078055
r0.12 = 0.087072
r0.13 = 0.089881
r0.14 = 0.092877
r0.15 = 0.092877
r0.16 = 0.092877
r0.17 = 0.096080
r0.18 = 0.096080
r0.19 = 0.103197
r0.20 = 0.103197
r0.21 = 0.107166
r0.22 = 0.111452
r0.23 = 0.111452
r0.24 = 0.111452
r0.25 = 0.111505
r0.26 = 0.111505
r0.27 = 0.110474
r0.28 = 0.110474
r0.29 = 0.110474
r0.30 = 0.110474
r0.31 = 0.116760
r0.32 = 0.120041
r0.33 = 0.126043
r0.34 = 0.132677
r0.35 = 0.140048
r0.36 = 0.140048
r0.37 = 0.141412
r0.38 = 0.150250
r0.39 = 0.150250
r0.40 = 0.150250
r0.41 = 0.160267
r0.42 = 0.172470
r0.43 = 0.172470
r0.44 = 0.172470
r0.45 = 0.172470
r0.46 = 0.172470
r0.47 = 0.172470
r0.48 = 0.172470
r0.49 = 0.172470
r0.50 = 0.172470
r0.51 = 0.183511
r0.52 = 0.198804
r0.53 = 0.204938
r0.54 = 0.204938
r0.55 = 0.226377
r0.56 = 0.226377
r0.57 = 0.241019
r0.58 = 0.241019
r0.59 = 0.241019
r0.60 = 0.271146
r0.61 = 0.271146
r0.62 = 0.271146
r0.63 = 0.301216
r0.64 = 0.301216
r0.65 = 0.301216
r0.66 = 0.301216
r0.67 = 0.301216
r0.68 = 0.301216
r0.69 = 0.336227
r0.70 = 0.336227
r0.71 = 0.336227
r0.72 = 0.336227
r0.73 = 0.336227
r0.74 = 0.336227
r0.75 = 0.336227
r0.76 = 0.336227
r0.77 = 0.336227
r0.78 = 0.336227
r0.79 = 0.336227
r0.80 = 0.336227
r0.81 = 0.336227
r0.82 = 0.440039
r0.83 = 0.440039
r0.84 = 0.559080
r0.85 = 0.559080
r0.86 = 0.559080
r0.87 = 0.559080
r0.88 = 0.559080
r0.89 = 0.704786
r0.90 = 0.704786
r0.91 = 0.704786
r0.92 = 0.704786
r0.93 = 0.704786
r0.94 = 0.704786
r0.95 = 0.704786
r0.96 = 0.704786
r0.97 = 0.704786
r0.98 = 0.704786
r0.99 = 0.704786
r1.00 = 1.000000
rr0 = 0.719533
rr1 = 0.690039
