t0.00 = 0.000000
t0.01 = 0.000021
t0.02 = 0.000040
t0.03 = 0.000040
t0.04 = 0.000154
t0.05 = 0.000154
t0.06 = 0.000158
t0.07 = 0.000158
t0.08 = 0.000158
t0.09 = 0.000672
t0.10 = 0.001034
t0.11 = 0.001433
t0.12 = 0.001433
t0.13 = 0.001433
t0.14 = 0.001997
t0.15 = 0.003040
t0.16 = 0.004483
t0.17 = 0.005464
t0.18 = 0.006885
t0.19 = 0.008317
t0.20 = 0.010810
t0.21 = 0.011548
t0.22 = 0.012389
t0.23 = 0.012389
t0.24 = 0.013322
t0.25 = 0.013322
t0.26 = 0.013322
t0.27 = 0.013956
t0.28 = 0.016488
t0.29 = 0.016488
t0.30 = 0.018585
t0.31 = 0.018585
t0.32 = 0.021271
t0.33 = 0.021271
t0.34 = 0.021271
t0.35 = 0.022522
t0.36 = 0.022522
t0.37 = 0.022522
t0.38 = 0.022522
t0.39 = 0.022522
t0.40 = 0.022522
t0.41 = 0.022522
t0.42 = 0.025314
t0.43 = 0.025314
t0.44 = 0.025314
t0.45 = 0.025314
t0.46 = 0.025314
t0.47 = 0.025314
t0.48 = 0.025314
t0.49 = 0.029181
t0.50 = 0.029181
t0.51 = 0.029181
t0.52 = 0.029181
t0.53 = 0.033218
t0.54 = 0.033218
t0.55 = 0.041363
t0.56 = 0.044810
t0.57 = 0.054844
t0.58 = 0.067785
t0.59 = 0.067785
t0.60 = 0.067785
t0.61 = 0.067785
t0.62 = 0.067785
t0.63 = 0.067785
t0.64 = 0.067785
t0.65 = 0.067785
t0.66 = 0.067785
t0.67 = 0.067785
t0.68 = 0.067785
t0.69 = 0.085544
t0.70 = 0.098529
t0.71 = 0.117622
t0.72 = 0.117622
t0.73 = 0.117622
t0.74 = 0.137976
t0.75 = 0.137976
t0.76 = 0.137976
t0.77 = 0.176713
t0.78 = 0.176713
t0.79 = 0.234689
t0.80 = 0.234689
t0.81 = 0.234689
t0.82 = 0.314533
t0.83 = 0.314533
t0.84 = 0.314533
t0.85 = 0.314533
t0.86 = 0.314533
t0.87 = 0.314533
t0.88 = 0.486765
t0.89 = 0.486765
t0.90 = 0.486765
t0.91 = 0.486765
t0.92 = 0.486765
t0.93 = 0.486765
t0.94 = 0.486765
t0.95 = 0.486765
t0.96 = 0.486765
t0.97 = 0.486765
t0.98 = 0.486765
t0.99 = 0.486765
t1.00 = 1.000000
tr0 = 0.266090
tr1 = 0.707439
r0.00 = 0.000000
r0.01 = 0.000021
r0.02 = 0.000040
r0.03 = 0.000040
r0.04 = 0.000154
r0.05 = 0.000154
r0.06 = 0.000158
r0.07 = 0.000158
r0.08 = 0.000158
r0.09 = 0.000672
r0.10 = 0.001034
r0.11 = 0.001433
r0.12 = 0.001433
r0.13 = 0.001433
r0.14 = 0.001997
r0.15 = 0.003040
r0.16 = 0.004483
r0.17 = 0.005464
r0.18 = 0.006885
r0.19 = 0.008317
r0.20 = 0.010810
r0.21 = 0.011548
r0.22 = 0.012389
r0.23 = 0.012389
r0.24 = 0.013322
r0.25 = 0.013322
r0.26 = 0.013322
r0.27 = 0.013956
r0.28 = 0.016488
r0.29 = 0.016488
r0.30 = 0.018585
r0.31 = 0.018585
r0.32 = 0.021271
r0.33 = 0.021271
r0.34 = 0.021271
r0.35 = 0.022522
r0.36 = 0.022522
r0.37 = 0.022522
r0.38 = 0.022522
r0.39 = 0.022522
r0.40 = 0.022522
r0.41 = 0.022522
r0.42 = 0.025314
r0.43 = 0.025314
r0.44 = 0.025314
r0.45 = 0.025314
r0.46 = 0.025314
r0.47 = 0.025314
r0.48 = 0.025314
r0.49 = 0.029181
r0.50 = 0.029181
r0.51 = 0.029181
r0.52 = 0.029181
r0.53 = 0.033218
r0.54 = 0.033218
r0.55 = 0.041363
r0.56 = 0.044810
r0.57 = 0.054844
r0.58 = 0.067785
r0.59 = 0.067785
r0.60 = 0.067785
r0.61 = 0.067785
r0.62 = 0.067785
r0.63 = 0.067785
r0.64 = 0.067785
r0.65 = 0.067785
r0.66 = 0.067785
r0.67 = 0.067785
r0.68 = 0.067785
r0.69 = 0.085544
r0.70 = 0.098529
r0.71 = 0.117622
r0.72 = 0.117622
r0.73 = 0.117622
r0.74 = 0.137976
r0.75 = 0.137976
r0.76 = 0.137976
r0.77 = 0.176713
r0.78 = 0.176713
r0.79 = 0.234689
r0.80 = 0.234689
r0.81 = 0.234689
r0.82 = 0.314533
r0.83 = 0.314533
r0.84 = 0.314533
r0.85 = 0.314533
r0.86 = 0.314533
r0.87 = 0.314533
r0.88 = 0.486765
r0.89 = 0.486765
r0.90 = 0.486765
r0.91 = 0.486765
r0.92 = 0.486765
r0.93 = 0.486765
r0.94 = 0.486765
r0.95 = 0.486765
r0.96 = 0.486765
r0.97 = 0.486765
r0.98 = 0.486765
r0.99 = 0.486765
r1.00 = 1.000000
rr0 = 0.266090
rr1 = 0.707439
