t0.00 = 0.000000
t0.01 = 0.000000
t0.02 = 0.000148
t0.03 = 0.000152
t0.04 = 0.000281
t0.05 = 0.000446
t0.06 = 0.000446
t0.07 = 0.000456
t0.08 = 0.000960
t0.09 = 0.000960
t0.10 = 0.001768
t0.11 = 0.002208
t0.12 = 0.002972
t0.13 = 0.002972
t0.14 = 0.002972
t0.15 = 0.004110
t0.16 = 0.004110
t0.17 = 0.004110
t0.18 = 0.004110
t0.19 = 0.004833
t0.20 = 0.005940
t0.21 = 0.006131
t0.22 = 0.007399
t0.23 = 0.008347
t0.24 = 0.011534
t0.25 = 0.011534
t0.26 = 0.011534
t0.27 = 0.011534
t0.28 = 0.011534
t0.29 = 0.015001
t0.30 = 0.015653
t0.31 = 0.016365
t0.32 = 0.020427
t0.33 = 0.022691
t0.34 = 0.029583
t0.35 = 0.033197
t0.36 = 0.054466
t0.37 = 0.059569
t0.38 = 0.059569
t0.39 = 0.059569
t0.40 = 0.059569
t0.41 = 0.059569
t0.42 = 0.069065
t0.43 = 0.069065
t0.44 = 0.078105
t0.45 = 0.078105
t0.46 = 0.078105
t0.47 = 0.092727
t0.48 = 0.092727
t0.49 = 0.108585
t0.50 = 0.108585
t0.51 = 0.108585
t0.52 = 0.134435
t0.53 = 0.172819
t0.54 = 0.172819
t0.55 = 0.172819
t0.56 = 0.172819
t0.57 = 0.218599
t0.58 = 0.218599
t0.59 = 0.218599
t0.60 = 0.218599
t0.61 = 0.218599
t0.62 = 0.218599
t0.63 = 0.218599
t0.64 = 0.218599
t0.65 = 0.218599
t0.66 = 0.218599
t0.67 = 0.297558
t0.68 = 0.297558
t0.69 = 0.297558
t0.70 = 0.297558
t0.71 = 0.297558
t0.72 = 0.297558
t0.73 = 0.297558
t0.74 = 0.476491
t0.75 = 0.476491
t0.76 = 0.476491
t0.77 = 0.476491
t0.78 = 0.476491
t0.79 = 0.476491
t0.80 = 0.476491
t0.81 = 0.476491
t0.82 = 0.476491
t0.83 = 0.476491
t0.84 = 0.476491
t0.85 = 0.476491
t0.86 = 0.476491
t0.87 = 0.476491
t0.88 = 0.476491
t0.89 = 0.476491
t0.90 = 0.476491
t0.91 = 0.476491
t0.92 = 0.476491
t0.93 = 0.476491
t0.94 = 0.476491
t0.95 = 0.476491
t0.96 = 0.476491
t0.97 = 0.476491
t0.98 = 0.476491
t0.99 = 0.476491
t1.00 = 1.000000
tr0 = 0.689816
tr1 = 0.263167
r0.00 = 0.000000
r0.01 = 0.000000
r0.02 = 0.000148
r0.03 = 0.000152
r0.04 = 0.000281
r0.05 = 0.000446
r0.06 = 0.000446
r0.07 = 0.000456
r0.08 = 0.000960
r0.09 = 0.000960
r0.10 = 0.001768
r0.11 = 0.002208
r0.12 = 0.002972
r0.13 = 0.002972
r0.14 = 0.002972
r0.15 = 0.004110
r0.16 = 0.004110
r0.17 = 0.004110
r0.18 = 0.004110
r0.19 = 0.004833
r0.20 = 0.005940
r0.21 = 0.006131
r0.22 = 0.007399
r0.23 = 0.008347
r0.24 = 0.011534
r0.25 = 0.011534
r0.26 = 0.011534
r0.27 = 0.011534
r0.28 = 0.011534
r0.29 = 0.015001
r0.30 = 0.015653
r0.31 = 0.016365
r0.32 = 0.020427
r0.33 = 0.022691
r0.34 = 0.029583
r0.35 = 0.033197
r0.36 = 0.054466
r0.37 = 0.059569
r0.38 = 0.059569
r0.39 = 0.059569
r0.40 = 0.059569
r0.41 = 0.059569
r0.42 = 0.069065
r0.43 = 0.069065
r0.44 = 0.078105
r0.45 = 0.078105
r0.46 = 0.078105
r0.47 = 0.092727
r0.48 = 0.092727
r0.49 = 0.108585
r0.50 = 0.108585
r0.51 = 0.108585
r0.52 = 0.134435
r0.53 = 0.172819
r0.54 = 0.172819
r0.55 = 0.172819
r0.56 = 0.172819
r0.57 = 0.218599
r0.58 = 0.218599
r0.59 = 0.218599
r0.60 = 0.218599
r0.61 = 0.218599
r0.62 = 0.218599
r0.63 = 0.218599
r0.64 = 0.218599
r0.65 = 0.218599
r0.66 = 0.218599
r0.67 = 0.297558
r0.68 = 0.297558
r0.69 = 0.297558
r0.70 = 0.297558
r0.71 = 0.297558
r0.72 = 0.297558
r0.73 = 0.297558
r0.74 = 0.476491
r0.75 = 0.476491
r0.76 = 0.476491
r0.77 = 0.476491
r0.78 = 0.476491
r0.79 = 0.476491
r0.80 = 0.476491
r0.81 = 0.476491
r0.82 = 0.476491
r0.83 = 0.476491
r0.84 = 0.476491
r0.85 = 0.476491
r0.86 = 0.476491
r0.87 = 0.476491
r0.88 = 0.476491
r0.89 = 0.476491
r0.90 = 0.476491
r0.91 = 0.476491
r0.92 = 0.476491
r0.93 = 0.476491
r0.94 = 0.476491
r0.95 = 0.476491
r0.96 = 0.476491
r0.97 = 0.476491
r0.98 = 0.476491
r0.99 = 0.476491
r1.00 = 1.000000
rr0 = 0.689816
rr1 = 0.263167
