t0.00 = 918.500000
t0.01 = 0.288834
t0.02 = 0.288834
t0.03 = 0.288834
t0.04 = 0.288834
t0.05 = 0.288834
t0.06 = 0.288834
t0.07 = 0.288834
t0.08 = 0.297087
t0.09 = 0.314591
t0.10 = 0.314591
t0.11 = 0.324795
t0.12 = 0.332846
t0.13 = 0.333403
t0.14 = 0.332832
t0.15 = 0.332832
t0.16 = 0.348343
t0.17 = 0.348343
t0.18 = 0.356916
t0.19 = 0.356916
t0.20 = 0.364527
t0.21 = 0.371521
t0.22 = 0.371521
t0.23 = 0.383106
t0.24 = 0.383106
t0.25 = 0.383106
t0.26 = 0.379731
t0.27 = 0.384977
t0.28 = 0.384977
t0.29 = 0.384977
t0.30 = 0.401665
t0.31 = 0.401665
t0.32 = 0.401665
t0.33 = 0.400894
t0.34 = 0.402865
t0.35 = 0.421292
t0.36 = 0.439609
t0.37 = 0.450543
t0.38 = 0.472496
t0.39 = 0.480849
t0.40 = 0.480849
t0.41 = 0.502670
t0.42 = 0.502670
t0.43 = 0.502670
t0.44 = 0.529886
t0.45 = 0.529886
t0.46 = 0.529886
t0.47 = 0.530833
t0.48 = 0.534760
t0.49 = 0.566512
t0.50 = 0.610089
t0.51 = 0.610089
t0.52 = 0.610089
t0.53 = 0.604884
t0.54 = 0.604884
t0.55 = 0.647814
t0.56 = 0.645581
t0.57 = 0.645581
t0.58 = 0.645581
t0.59 = 0.645581
t0.60 = 0.645581
t0.61 = 0.645581
t0.62 = 0.645581
t0.63 = 0.645581
t0.64 = 0.645581
t0.65 = 0.645581
t0.66 = 0.645581
t0.67 = 0.645581
t0.68 = 0.645581
t0.69 = 0.645581
t0.70 = 0.645581
t0.71 = 0.645581
t0.72 = 0.645581
t0.73 = 0.645581
t0.74 = 0.645581
t0.75 = 0.655930
t0.76 = 0.655930
t0.77 = 0.655930
t0.78 = 0.655548
t0.79 = 0.655548
t0.80 = 0.750129
t0.81 = 0.750574
t0.82 = 0.750574
t0.83 = 0.750574
t0.84 = 0.750574
t0.85 = 0.750574
t0.86 = 0.750574
t0.87 = 0.750574
t0.88 = 0.750574
t0.89 = 0.750574
t0.90 = 0.750574
t0.91 = 0.750574
t0.92 = 0.750574
t0.93 = 0.873798
t0.94 = 0.873798
t0.95 = 0.873798
t0.96 = 0.873798
t0.97 = 0.873798
t0.98 = 0.924031
t0.99 = 0.924031
t1.00 = 1.000000
tr0 = 0.971473
tr1 = 0.876589
r0.00 = 918.500000
r0.01 = 0.288834
r0.02 = 0.288834
r0.03 = 0.288834
r0.04 = 0.288834
r0.05 = 0.288834
r0.06 = 0.288834
r0.07 = 0.288834
r0.08 = 0.297087
r0.09 = 0.314591
r0.10 = 0.314591
r0.11 = 0.324795
r0.12 = 0.332846
r0.13 = 0.333403
r0.14 = 0.332832
r0.15 = 0.332832
r0.16 = 0.348343
r0.17 = 0.348343
r0.18 = 0.356916
r0.19 = 0.356916
r0.20 = 0.364527
r0.21 = 0.371521
r0.22 = 0.371521
r0.23 = 0.383106
r0.24 = 0.383106
r0.25 = 0.383106
r0.26 = 0.379731
r0.27 = 0.384977
r0.28 = 0.384977
r0.29 = 0.384977
r0.30 = 0.401665
r0.31 = 0.401665
r0.32 = 0.401665
r0.33 = 0.400894
r0.34 = 0.402865
r0.35 = 0.421292
r0.36 = 0.439609
r0.37 = 0.450543
r0.38 = 0.472496
r0.39 = 0.480849
r0.40 = 0.480849
r0.41 = 0.502670
r0.42 = 0.502670
r0.43 = 0.502670
r0.44 = 0.529886
r0.45 = 0.529886
r0.46 = 0.529886
r0.47 = 0.530833
r0.48 = 0.534760
r0.49 = 0.566512
r0.50 = 0.610089
r0.51 = 0.610089
r0.52 = 0.610089
r0.53 = 0.604884
r0.54 = 0.604884
r0.55 = 0.647814
r0.56 = 0.645581
r0.57 = 0.645581
r0.58 = 0.645581
r0.59 = 0.645581
r0.60 = 0.645581
r0.61 = 0.645581
r0.62 = 0.645581
r0.63 = 0.645581
r0.64 = 0.645581
r0.65 = 0.645581
r0.66 = 0.645581
r0.67 = 0.645581
r0.68 = 0.645581
r0.69 = 0.645581
r0.70 = 0.645581
r0.71 = 0.645581
r0.72 = 0.645581
r0.73 = 0.645581
r0.74 = 0.645581
r0.75 = 0.655930
r0.76 = 0.655930
r0.77 = 0.655930
r0.78 = 0.655548
r0.79 = 0.655548
r0.80 = 0.750129
r0.81 = 0.750574
r0.82 = 0.750574
r0.83 = 0.750574
r0.84 = 0.750574
r0.85 = 0.750574
r0.86 = 0.750574
r0.87 = 0.750574
r0.88 = 0.750574
r0.89 = 0.750574
r0.90 = 0.750574
r0.91 = 0.750574
r0.92 = 0.750574
r0.93 = 0.873798
r0.94 = 0.873798
r0.95 = 0.873798
r0.96 = 0.873798
r0.97 = 0.873798
r0.98 = 0.924031
r0.99 = 0.924031
r1.00 = 1.000000
rr0 = 0.971473
rr1 = 0.876589
