t0.00 = 85.520000
t0.01 = 0.034105
t0.02 = 0.035588
t0.03 = 0.038071
t0.04 = 0.038978
t0.05 = 0.039928
t0.06 = 0.039928
t0.07 = 0.040926
t0.08 = 0.040926
t0.09 = 0.044245
t0.10 = 0.046773
t0.11 = 0.046773
t0.12 = 0.048149
t0.13 = 0.048149
t0.14 = 0.048149
t0.15 = 0.051244
t0.16 = 0.051244
t0.17 = 0.056219
t0.18 = 0.056946
t0.19 = 0.053765
t0.20 = 0.053765
t0.21 = 0.053765
t0.22 = 0.061625
t0.23 = 0.059121
t0.24 = 0.061485
t0.25 = 0.067509
t0.26 = 0.089896
t0.27 = 0.097090
t0.28 = 0.097090
t0.29 = 0.097264
t0.30 = 0.097264
t0.31 = 0.097264
t0.32 = 0.102667
t0.33 = 0.102667
t0.34 = 0.102667
t0.35 = 0.115463
t0.36 = 0.115463
t0.37 = 0.122775
t0.38 = 0.122775
t0.39 = 0.122775
t0.40 = 0.122775
t0.41 = 0.122775
t0.42 = 0.122775
t0.43 = 0.122775
t0.44 = 0.122775
t0.45 = 0.122775
t0.46 = 0.122775
t0.47 = 0.132593
t0.48 = 0.142064
t0.49 = 0.142064
t0.50 = 0.179301
t0.51 = 0.195601
t0.52 = 0.195601
t0.53 = 0.195601
t0.54 = 0.195601
t0.55 = 0.225498
t0.56 = 0.230730
t0.57 = 0.265697
t0.58 = 0.265697
t0.59 = 0.291566
t0.60 = 0.291566
t0.61 = 0.291566
t0.62 = 0.341820
t0.63 = 0.341820
t0.64 = 0.341820
t0.65 = 0.341820
t0.66 = 0.341820
t0.67 = 0.378331
t0.68 = 0.378331
t0.69 = 0.378331
t0.70 = 0.378331
t0.71 = 0.378331
t0.72 = 0.378331
t0.73 = 0.378331
t0.74 = 0.378331
t0.75 = 0.378331
t0.76 = 0.378331
t0.77 = 0.378331
t0.78 = 0.378331
t0.79 = 0.378331
t0.80 = 0.378331
t0.81 = 0.378331
t0.82 = 0.378331
t0.83 = 0.378331
t0.84 = 0.378331
t0.85 = 0.378331
t0.86 = 0.378331
t0.87 = 0.378331
t0.88 = 0.429269
t0.89 = 0.492471
t0.90 = 0.492471
t0.91 = 0.492471
t0.92 = 0.492471
t0.93 = 0.492471
t0.94 = 0.492471
t0.95 = 0.492471
t0.96 = 0.492471
t0.97 = 0.492471
t0.98 = 0.492471
t0.99 = 0.722818
t1.00 = 1.000000
tr0 = 0.808959
tr1 = 0.636677
r0.00 = 85.520000
r0.01 = 0.034105
r0.02 = 0.035588
r0.03 = 0.038071
r0.04 = 0.038978
r0.05 = 0.039928
r0.06 = 0.039928
r0.07 = 0.040926
r0.08 = 0.040926
r0.09 = 0.044245
r0.10 = 0.046773
r0.11 = 0.046773
r0.12 = 0.048149
r0.13 = 0.048149
r0.14 = 0.048149
r0.15 = 0.051244
r0.16 = 0.051244
r0.17 = 0.056219
r0.18 = 0.056946
r0.19 = 0.053765
r0.20 = 0.053765
r0.21 = 0.053765
r0.22 = 0.061625
r0.23 = 0.059121
r0.24 = 0.061485
r0.25 = 0.067509
r0.26 = 0.089896
r0.27 = 0.097090
r0.28 = 0.097090
r0.29 = 0.097264
r0.30 = 0.097264
r0.31 = 0.097264
r0.32 = 0.102667
r0.33 = 0.102667
r0.34 = 0.102667
r0.35 = 0.115463
r0.36 = 0.115463
r0.37 = 0.122775
r0.38 = 0.122775
r0.39 = 0.122775
r0.40 = 0.122775
r0.41 = 0.122775
r0.42 = 0.122775
r0.43 = 0.122775
r0.44 = 0.122775
r0.45 = 0.122775
r0.46 = 0.122775
r0.47 = 0.132593
r0.48 = 0.142064
r0.49 = 0.142064
r0.50 = 0.179301
r0.51 = 0.195601
r0.52 = 0.195601
r0.53 = 0.195601
r0.54 = 0.195601
r0.55 = 0.225498
r0.56 = 0.230730
r0.57 = 0.265697
r0.58 = 0.265697
r0.59 = 0.291566
r0.60 = 0.291566
r0.61 = 0.291566
r0.62 = 0.341820
r0.63 = 0.341820
r0.64 = 0.341820
r0.65 = 0.341820
r0.66 = 0.341820
r0.67 = 0.378331
r0.68 = 0.378331
r0.69 = 0.378331
r0.70 = 0.378331
r0.71 = 0.378331
r0.72 = 0.378331
r0.73 = 0.378331
r0.74 = 0.378331
r0.75 = 0.378331
r0.76 = 0.378331
r0.77 = 0.378331
r0.78 = 0.378331
r0.79 = 0.378331
r0.80 = 0.378331
r0.81 = 0.378331
r0.82 = 0.378331
r0.83 = 0.378331
r0.84 = 0.378331
r0.85 = 0.378331
r0.86 = 0.378331
r0.87 = 0.378331
r0.88 = 0.429269
r0.89 = 0.492471
r0.90 = 0.492471
r0.91 = 0.492471
r0.92 = 0.492471
r0.93 = 0.492471
r0.94 = 0.492471
r0.95 = 0.492471
r0.96 = 0.492471
r0.97 = 0.492471
r0.98 = 0.492471
r0.99 = 0.722818
r1.00 = 1.000000
rr0 = 0.808959
rr1 = 0.636677
