t0.00 = 115.880000
t0.01 = 0.062842
t0.02 = 0.062842
t0.03 = 0.066934
t0.04 = 0.075934
t0.05 = 0.075934
t0.06 = 0.080613
t0.07 = 0.080613
t0.08 = 0.080613
t0.09 = 0.085313
t0.10 = 0.087446
t0.11 = 0.089688
t0.12 = 0.095635
t0.13 = 0.101100
t0.14 = 0.101100
t0.15 = 0.105701
t0.16 = 0.105701
t0.17 = 0.110399
t0.18 = 0.113849
t0.19 = 0.113849
t0.20 = 0.117522
t0.21 = 0.130326
t0.22 = 0.130326
t0.23 = 0.130326
t0.24 = 0.130326
t0.25 = 0.130326
t0.26 = 0.130326
t0.27 = 0.137824
t0.28 = 0.137824
t0.29 = 0.143125
t0.30 = 0.156860
t0.31 = 0.163680
t0.32 = 0.171120
t0.33 = 0.171120
t0.34 = 0.186198
t0.35 = 0.186198
t0.36 = 0.186198
t0.37 = 0.187937
t0.38 = 0.187937
t0.39 = 0.187937
t0.40 = 0.202150
t0.41 = 0.202150
t0.42 = 0.202150
t0.43 = 0.217869
t0.44 = 0.217869
t0.45 = 0.217869
t0.46 = 0.212111
t0.47 = 0.212111
t0.48 = 0.212111
t0.49 = 0.212111
t0.50 = 0.212111
t0.51 = 0.212111
t0.52 = 0.224280
t0.53 = 0.224280
t0.54 = 0.224280
t0.55 = 0.224280
t0.56 = 0.224280
t0.57 = 0.224280
t0.58 = 0.243117
t0.59 = 0.243117
t0.60 = 0.243117
t0.61 = 0.243117
t0.62 = 0.263377
t0.63 = 0.263377
t0.64 = 0.263377
t0.65 = 0.263377
t0.66 = 0.287320
t0.67 = 0.287320
t0.68 = 0.287320
t0.69 = 0.287320
t0.70 = 0.287320
t0.71 = 0.320987
t0.72 = 0.346710
t0.73 = 0.346710
t0.74 = 0.382050
t0.75 = 0.382050
t0.76 = 0.382050
t0.77 = 0.382050
t0.78 = 0.463937
t0.79 = 0.463937
t0.80 = 0.463937
t0.81 = 0.463937
t0.82 = 0.463937
t0.83 = 0.463937
t0.84 = 0.463937
t0.85 = 0.463937
t0.86 = 0.463937
t0.87 = 0.463937
t0.88 = 0.479610
t0.89 = 0.570634
t0.90 = 0.570634
t0.91 = 0.570634
t0.92 = 0.570634
t0.93 = 0.570634
t0.94 = 0.570634
t0.95 = 0.626898
t0.96 = 0.731020
t0.97 = 0.731020
t0.98 = 0.731020
t0.99 = 0.731020
t1.00 = 1.000000
tr0 = 0.838937
tr1 = 0.623102
r0.00 = 115.880000
r0.01 = 0.062842
r0.02 = 0.062842
r0.03 = 0.066934
r0.04 = 0.075934
r0.05 = 0.075934
r0.06 = 0.080613
r0.07 = 0.080613
r0.08 = 0.080613
r0.09 = 0.085313
r0.10 = 0.087446
r0.11 = 0.089688
r0.12 = 0.095635
r0.13 = 0.101100
r0.14 = 0.101100
r0.15 = 0.105701
r0.16 = 0.105701
r0.17 = 0.110399
r0.18 = 0.113849
r0.19 = 0.113849
r0.20 = 0.117522
r0.21 = 0.130326
r0.22 = 0.130326
r0.23 = 0.130326
r0.24 = 0.130326
r0.25 = 0.130326
r0.26 = 0.130326
r0.27 = 0.137824
r0.28 = 0.137824
r0.29 = 0.143125
r0.30 = 0.156860
r0.31 = 0.163680
r0.32 = 0.171120
r0.33 = 0.171120
r0.34 = 0.186198
r0.35 = 0.186198
r0.36 = 0.186198
r0.37 = 0.187937
r0.38 = 0.187937
r0.39 = 0.187937
r0.40 = 0.202150
r0.41 = 0.202150
r0.42 = 0.202150
r0.43 = 0.217869
r0.44 = 0.217869
r0.45 = 0.217869
r0.46 = 0.212111
r0.47 = 0.212111
r0.48 = 0.212111
r0.49 = 0.212111
r0.50 = 0.212111
r0.51 = 0.212111
r0.52 = 0.224280
r0.53 = 0.224280
r0.54 = 0.224280
r0.55 = 0.224280
r0.56 = 0.224280
r0.57 = 0.224280
r0.58 = 0.243117
r0.59 = 0.243117
r0.60 = 0.243117
r0.61 = 0.243117
r0.62 = 0.263377
r0.63 = 0.263377
r0.64 = 0.263377
r0.65 = 0.263377
r0.66 = 0.287320
r0.67 = 0.287320
r0.68 = 0.287320
r0.69 = 0.287320
r0.70 = 0.287320
r0.71 = 0.320987
r0.72 = 0.346710
r0.73 = 0.346710
r0.74 = 0.382050
r0.75 = 0.382050
r0.76 = 0.382050
r0.77 = 0.382050
r0.78 = 0.463937
r0.79 = 0.463937
r0.80 = 0.463937
r0.81 = 0.463937
r0.82 = 0.463937
r0.83 = 0.463937
r0.84 = 0.463937
r0.85 = 0.463937
r0.86 = 0.463937
r0.87 = 0.463937
r0.88 = 0.479610
r0.89 = 0.570634
r0.90 = 0.570634
r0.91 = 0.570634
r0.92 = 0.570634
r0.93 = 0.570634
r0.94 = 0.570634
r0.95 = 0.626898
r0.96 = 0.731020
r0.97 = 0.731020
r0.98 = 0.731020
r0.99 = 0.731020
r1.00 = 1.000000
rr0 = 0.838937
rr1 = 0.623102
