t0.00 = 172.060000
t0.01 = 0.050205
t0.02 = 0.051250
t0.03 = 0.060907
t0.04 = 0.063877
t0.05 = 0.071609
t0.06 = 0.071609
t0.07 = 0.073494
t0.08 = 0.083430
t0.09 = 0.088486
t0.10 = 0.088486
t0.11 = 0.088486
t0.12 = 0.097031
t0.13 = 0.097031
t0.14 = 0.104959
t0.15 = 0.104959
t0.16 = 0.113033
t0.17 = 0.113033
t0.18 = 0.113033
t0.19 = 0.117566
t0.20 = 0.117566
t0.21 = 0.117566
t0.22 = 0.122465
t0.23 = 0.132471
t0.24 = 0.139095
t0.25 = 0.162943
t0.26 = 0.162943
t0.27 = 0.162943
t0.28 = 0.191542
t0.29 = 0.191542
t0.30 = 0.191542
t0.31 = 0.191542
t0.32 = 0.191542
t0.33 = 0.191542
t0.34 = 0.204311
t0.35 = 0.204311
t0.36 = 0.204311
t0.37 = 0.204311
t0.38 = 0.218905
t0.39 = 0.218905
t0.40 = 0.218905
t0.41 = 0.237349
t0.42 = 0.250735
t0.43 = 0.250735
t0.44 = 0.250735
t0.45 = 0.250735
t0.46 = 0.251296
t0.47 = 0.251296
t0.48 = 0.251296
t0.49 = 0.251296
t0.50 = 0.251296
t0.51 = 0.278689
t0.52 = 0.278689
t0.53 = 0.278689
t0.54 = 0.322849
t0.55 = 0.322849
t0.56 = 0.322849
t0.57 = 0.322849
t0.58 = 0.322849
t0.59 = 0.322849
t0.60 = 0.396421
t0.61 = 0.396421
t0.62 = 0.396421
t0.63 = 0.396421
t0.64 = 0.396421
t0.65 = 0.396421
t0.66 = 0.419165
t0.67 = 0.419165
t0.68 = 0.419165
t0.69 = 0.419165
t0.70 = 0.419165
t0.71 = 0.492798
t0.72 = 0.492798
t0.73 = 0.492798
t0.74 = 0.492798
t0.75 = 0.532745
t0.76 = 0.532745
t0.77 = 0.532745
t0.78 = 0.610964
t0.79 = 0.610964
t0.80 = 0.731922
t0.81 = 0.731922
t0.82 = 0.731922
t0.83 = 0.731922
t0.84 = 0.731922
t0.85 = 0.731922
t0.86 = 0.837743
t0.87 = 0.837743
t0.88 = 0.837743
t0.89 = 0.837743
t0.90 = 0.837743
t0.91 = 0.837743
t0.92 = 0.837743
t0.93 = 0.837743
t0.94 = 0.837743
t0.95 = 0.837743
t0.96 = 0.837743
t0.97 = 0.837743
t0.98 = 0.837743
t0.99 = 0.837743
t1.00 = 1.000000
tr0 = 0.796884
tr1 = 0.878601
r0.00 = 172.060000
r0.01 = 0.050205
r0.02 = 0.051250
r0.03 = 0.060907
r0.04 = 0.063877
r0.05 = 0.071609
r0.06 = 0.071609
r0.07 = 0.073494
r0.08 = 0.083430
r0.09 = 0.088486
r0.10 = 0.088486
r0.11 = 0.088486
r0.12 = 0.097031
r0.13 = 0.097031
r0.14 = 0.104959
r0.15 = 0.104959
r0.16 = 0.113033
r0.17 = 0.113033
r0.18 = 0.113033
r0.19 = 0.117566
r0.20 = 0.117566
r0.21 = 0.117566
r0.22 = 0.122465
r0.23 = 0.132471
r0.24 = 0.139095
r0.25 = 0.162943
r0.26 = 0.162943
r0.27 = 0.162943
r0.28 = 0.191542
r0.29 = 0.191542
r0.30 = 0.191542
r0.31 = 0.191542
r0.32 = 0.191542
r0.33 = 0.191542
r0.34 = 0.204311
r0.35 = 0.204311
r0.36 = 0.204311
r0.37 = 0.204311
r0.38 = 0.218905
r0.39 = 0.218905
r0.40 = 0.218905
r0.41 = 0.237349
r0.42 = 0.250735
r0.43 = 0.250735
r0.44 = 0.250735
r0.45 = 0.250735
r0.46 = 0.251296
r0.47 = 0.251296
r0.48 = 0.251296
r0.49 = 0.251296
r0.50 = 0.251296
r0.51 = 0.278689
r0.52 = 0.278689
r0.53 = 0.278689
r0.54 = 0.322849
r0.55 = 0.322849
r0.56 = 0.322849
r0.57 = 0.322849
r0.58 = 0.322849
r0.59 = 0.322849
r0.60 = 0.396421
r0.61 = 0.396421
r0.62 = 0.396421
r0.63 = 0.396421
r0.64 = 0.396421
r0.65 = 0.396421
r0.66 = 0.419165
r0.67 = 0.419165
r0.68 = 0.419165
r0.69 = 0.419165
r0.70 = 0.419165
r0.71 = 0.492798
r0.72 = 0.492798
r0.73 = 0.492798
r0.74 = 0.492798
r0.75 = 0.532745
r0.76 = 0.532745
r0.77 = 0.532745
r0.78 = 0.610964
r0.79 = 0.610964
r0.80 = 0.731922
r0.81 = 0.731922
r0.82 = 0.731922
r0.83 = 0.731922
r0.84 = 0.731922
r0.85 = 0.731922
r0.86 = 0.837743
r0.87 = 0.837743
r0.88 = 0.837743
r0.89 = 0.837743
r0.90 = 0.837743
r0.91 = 0.837743
r0.92 = 0.837743
r0.93 = 0.837743
r0.94 = 0.837743
r0.95 = 0.837743
r0.96 = 0.837743
r0.97 = 0.837743
r0.98 = 0.837743
r0.99 = 0.837743
r1.00 = 1.000000
rr0 = 0.796884
rr1 = 0.878601
