t0.00 = 0.000000
t0.01 = 0.000054
t0.02 = 0.000054
t0.03 = 0.000224
t0.04 = 0.000359
t0.05 = 0.000359
t0.06 = 0.000605
t0.07 = 0.000910
t0.08 = 0.001497
t0.09 = 0.001900
t0.10 = 0.002922
t0.11 = 0.004800
t0.12 = 0.005584
t0.13 = 0.005584
t0.14 = 0.005764
t0.15 = 0.008440
t0.16 = 0.010809
t0.17 = 0.012069
t0.18 = 0.012069
t0.19 = 0.015133
t0.20 = 0.015133
t0.21 = 0.015133
t0.22 = 0.022819
t0.23 = 0.025032
t0.24 = 0.028305
t0.25 = 0.028305
t0.26 = 0.028305
t0.27 = 0.028305
t0.28 = 0.028305
t0.29 = 0.028305
t0.30 = 0.031425
t0.31 = 0.031425
t0.32 = 0.043608
t0.33 = 0.043608
t0.34 = 0.043608
t0.35 = 0.043608
t0.36 = 0.047242
t0.37 = 0.054768
t0.38 = 0.054768
t0.39 = 0.054768
t0.40 = 0.054768
t0.41 = 0.062657
t0.42 = 0.062657
t0.43 = 0.062657
t0.44 = 0.062657
t0.45 = 0.062657
t0.46 = 0.062657
t0.47 = 0.062657
t0.48 = 0.062657
t0.49 = 0.062657
t0.50 = 0.062657
t0.51 = 0.074193
t0.52 = 0.074193
t0.53 = 0.074193
t0.54 = 0.074193
t0.55 = 0.074193
t0.56 = 0.074193
t0.57 = 0.074193
t0.58 = 0.074193
t0.59 = 0.083467
t0.60 = 0.124799
t0.61 = 0.124799
t0.62 = 0.124799
t0.63 = 0.124799
t0.64 = 0.124799
t0.65 = 0.124799
t0.66 = 0.124799
t0.67 = 0.124799
t0.68 = 0.161435
t0.69 = 0.161435
t0.70 = 0.220288
t0.71 = 0.220288
t0.72 = 0.220288
t0.73 = 0.312909
t0.74 = 0.471615
t0.75 = 0.471615
t0.76 = 0.471615
t0.77 = 0.471615
t0.78 = 0.471615
t0.79 = 0.471615
t0.80 = 0.471615
t0.81 = 0.471615
t0.82 = 0.471615
t0.83 = 0.471615
t0.84 = 0.471615
t0.85 = 0.471615
t0.86 = 0.471615
t0.87 = 0.471615
t0.88 = 0.471615
t0.89 = 0.471615
t0.90 = 0.471615
t0.91 = 0.471615
t0.92 = 0.471615
t0.93 = 0.471615
t0.94 = 0.471615
t0.95 = 0.471615
t0.96 = 0.471615
t0.97 = 0.471615
t0.98 = 0.471615
t0.99 = 0.471615
t1.00 = 1.000000
tr0 = 0.396269
tr1 = 0.546960
r0.00 = 0.000000
r0.01 = 0.000054
r0.02 = 0.000054
r0.03 = 0.000224
r0.04 = 0.000359
r0.05 = 0.000359
r0.06 = 0.000605
r0.07 = 0.000910
r0.08 = 0.001497
r0.09 = 0.001900
r0.10 = 0.002922
r0.11 = 0.004800
r0.12 = 0.005584
r0.13 = 0.005584
r0.14 = 0.005764
r0.15 = 0.008440
r0.16 = 0.010809
r0.17 = 0.012069
r0.18 = 0.012069
r0.19 = 0.015133
r0.20 = 0.015133
r0.21 = 0.015133
r0.22 = 0.022819
r0.23 = 0.025032
r0.24 = 0.028305
r0.25 = 0.028305
r0.26 = 0.028305
r0.27 = 0.028305
r0.28 = 0.028305
r0.29 = 0.028305
r0.30 = 0.031425
r0.31 = 0.031425
r0.32 = 0.043608
r0.33 = 0.043608
r0.34 = 0.043608
r0.35 = 0.043608
r0.36 = 0.047242
r0.37 = 0.054768
r0.38 = 0.054768
r0.39 = 0.054768
r0.40 = 0.054768
r0.41 = 0.062657
r0.42 = 0.062657
r0.43 = 0.062657
r0.44 = 0.062657
r0.45 = 0.062657
r0.46 = 0.062657
r0.47 = 0.062657
r0.48 = 0.062657
r0.49 = 0.062657
r0.50 = 0.062657
r0.51 = 0.074193
r0.52 = 0.074193
r0.53 = 0.074193
r0.54 = 0.074193
r0.55 = 0.074193
r0.56 = 0.074193
r0.57 = 0.074193
r0.58 = 0.074193
r0.59 = 0.083467
r0.60 = 0.124799
r0.61 = 0.124799
r0.62 = 0.124799
r0.63 = 0.124799
r0.64 = 0.124799
r0.65 = 0.124799
r0.66 = 0.124799
r0.67 = 0.124799
r0.68 = 0.161435
r0.69 = 0.161435
r0.70 = 0.220288
r0.71 = 0.220288
r0.72 = 0.220288
r0.73 = 0.312909
r0.74 = 0.471615
r0.75 = 0.471615
r0.76 = 0.471615
r0.77 = 0.471615
r0.78 = 0.471615
r0.79 = 0.471615
r0.80 = 0.471615
r0.81 = 0.471615
r0.82 = 0.471615
r0.83 = 0.471615
r0.84 = 0.471615
r0.85 = 0.471615
r0.86 = 0.471615
r0.87 = 0.471615
r0.88 = 0.471615
r0.89 = 0.471615
r0.90 = 0.471615
r0.91 = 0.471615
r0.92 = 0.471615
r0.93 = 0.471615
r0.94 = 0.471615
r0.95 = 0.471615
r0.96 = 0.471615
r0.97 = 0.471615
r0.98 = 0.471615
r0.99 = 0.471615
r1.00 = 1.000000
rr0 = 0.396269
rr1 = 0.546960
