t0.00 = 75.480000
t0.01 = 0.035140
t0.02 = 0.036604
t0.03 = 0.036604
t0.04 = 0.037383
t0.05 = 0.037383
t0.06 = 0.039044
t0.07 = 0.040860
t0.08 = 0.041833
t0.09 = 0.047236
t0.10 = 0.049659
t0.11 = 0.050965
t0.12 = 0.050965
t0.13 = 0.059062
t0.14 = 0.059062
t0.15 = 0.066733
t0.16 = 0.071065
t0.17 = 0.073218
t0.18 = 0.073218
t0.19 = 0.073218
t0.20 = 0.075506
t0.21 = 0.075506
t0.22 = 0.078498
t0.23 = 0.081114
t0.24 = 0.081114
t0.25 = 0.081114
t0.26 = 0.081114
t0.27 = 0.081114
t0.28 = 0.081114
t0.29 = 0.088720
t0.30 = 0.085127
t0.31 = 0.085983
t0.32 = 0.085983
t0.33 = 0.094584
t0.34 = 0.098696
t0.35 = 0.110504
t0.36 = 0.115767
t0.37 = 0.121951
t0.38 = 0.131040
t0.39 = 0.138320
t0.40 = 0.161080
t0.41 = 0.161080
t0.42 = 0.161080
t0.43 = 0.161080
t0.44 = 0.161080
t0.45 = 0.171148
t0.46 = 0.171148
t0.47 = 0.171148
t0.48 = 0.176878
t0.49 = 0.192881
t0.50 = 0.208954
t0.51 = 0.229304
t0.52 = 0.229304
t0.53 = 0.229304
t0.54 = 0.229304
t0.55 = 0.229304
t0.56 = 0.256331
t0.57 = 0.256331
t0.58 = 0.256331
t0.59 = 0.256331
t0.60 = 0.285640
t0.61 = 0.285640
t0.62 = 0.285640
t0.63 = 0.312093
t0.64 = 0.349694
t0.65 = 0.349694
t0.66 = 0.349694
t0.67 = 0.360568
t0.68 = 0.360568
t0.69 = 0.360568
t0.70 = 0.360568
t0.71 = 0.360568
t0.72 = 0.360568
t0.73 = 0.360568
t0.74 = 0.360568
t0.75 = 0.360568
t0.76 = 0.531774
t0.77 = 0.531774
t0.78 = 0.531774
t0.79 = 0.531774
t0.80 = 0.531774
t0.81 = 0.531774
t0.82 = 0.531774
t0.83 = 0.531774
t0.84 = 0.531774
t0.85 = 0.531774
t0.86 = 0.607697
t0.87 = 0.607697
t0.88 = 0.607697
t0.89 = 0.607697
t0.90 = 0.607697
t0.91 = 0.750000
t0.92 = 0.750000
t0.93 = 0.750000
t0.94 = 0.750000
t0.95 = 0.750000
t0.96 = 0.750000
t0.97 = 0.750000
t0.98 = 0.750000
t0.99 = 0.750000
t1.00 = 1.000000
tr0 = 0.891993
tr1 = 0.608007
r0.00 = 75.480000
r0.01 = 0.035140
r0.02 = 0.036604
r0.03 = 0.036604
r0.04 = 0.037383
r0.05 = 0.037383
r0.06 = 0.039044
r0.07 = 0.040860
r0.08 = 0.041833
r0.09 = 0.047236
r0.10 = 0.049659
r0.11 = 0.050965
r0.12 = 0.050965
r0.13 = 0.059062
r0.14 = 0.059062
r0.15 = 0.066733
r0.16 = 0.071065
r0.17 = 0.073218
r0.18 = 0.073218
r0.19 = 0.073218
r0.20 = 0.075506
r0.21 = 0.075506
r0.22 = 0.078498
r0.23 = 0.081114
r0.24 = 0.081114
r0.25 = 0.081114
r0.26 = 0.081114
r0.27 = 0.081114
r0.28 = 0.081114
r0.29 = 0.088720
r0.30 = 0.085127
r0.31 = 0.085983
r0.32 = 0.085983
r0.33 = 0.094584
r0.34 = 0.098696
r0.35 = 0.110504
r0.36 = 0.115767
r0.37 = 0.121951
r0.38 = 0.131040
r0.39 = 0.138320
r0.40 = 0.161080
r0.41 = 0.161080
r0.42 = 0.161080
r0.43 = 0.161080
r0.44 = 0.161080
r0.45 = 0.171148
r0.46 = 0.171148
r0.47 = 0.171148
r0.48 = 0.176878
r0.49 = 0.192881
r0.50 = 0.208954
r0.51 = 0.229304
r0.52 = 0.229304
r0.53 = 0.229304
r0.54 = 0.229304
r0.55 = 0.229304
r0.56 = 0.256331
r0.57 = 0.256331
r0.58 = 0.256331
r0.59 = 0.256331
r0.60 = 0.285640
r0.61 = 0.285640
r0.62 = 0.285640
r0.63 = 0.312093
r0.64 = 0.349694
r0.65 = 0.349694
r0.66 = 0.349694
r0.67 = 0.360568
r0.68 = 0.360568
r0.69 = 0.360568
r0.70 = 0.360568
r0.71 = 0.360568
r0.72 = 0.360568
r0.73 = 0.360568
r0.74 = 0.360568
r0.75 = 0.360568
r0.76 = 0.531774
r0.77 = 0.531774
r0.78 = 0.531774
r0.79 = 0.531774
r0.80 = 0.531774
r0.81 = 0.531774
r0.82 = 0.531774
r0.83 = 0.531774
r0.84 = 0.531774
r0.85 = 0.531774
r0.86 = 0.607697
r0.87 = 0.607697
r0.88 = 0.607697
r0.89 = 0.607697
r0.90 = 0.607697
r0.91 = 0.750000
r0.92 = 0.750000
r0.93 = 0.750000
r0.94 = 0.750000
r0.95 = 0.750000
r0.96 = 0.750000
r0.97 = 0.750000
r0.98 = 0.750000
r0.99 = 0.750000
r1.00 = 1.000000
rr0 = 0.891993
rr1 = 0.608007
