t0.00 = 131.240000
t0.01 = 0.058984
t0.02 = 0.058984
t0.03 = 0.058984
t0.04 = 0.060353
t0.05 = 0.062921
t0.06 = 0.062921
t0.07 = 0.062921
t0.08 = 0.065928
t0.09 = 0.069078
t0.10 = 0.070722
t0.11 = 0.075225
t0.12 = 0.079574
t0.13 = 0.081725
t0.14 = 0.081725
t0.15 = 0.081725
t0.16 = 0.083995
t0.17 = 0.083995
t0.18 = 0.083995
t0.19 = 0.088936
t0.20 = 0.091631
t0.21 = 0.089354
t0.22 = 0.092236
t0.23 = 0.092236
t0.24 = 0.092236
t0.25 = 0.092236
t0.26 = 0.092236
t0.27 = 0.092236
t0.28 = 0.092236
t0.29 = 0.095311
t0.30 = 0.101403
t0.31 = 0.101403
t0.32 = 0.101403
t0.33 = 0.101403
t0.34 = 0.101403
t0.35 = 0.101403
t0.36 = 0.101403
t0.37 = 0.105024
t0.38 = 0.105024
t0.39 = 0.108914
t0.40 = 0.113103
t0.41 = 0.113103
t0.42 = 0.118277
t0.43 = 0.118749
t0.44 = 0.118749
t0.45 = 0.124147
t0.46 = 0.137640
t0.47 = 0.137640
t0.48 = 0.137640
t0.49 = 0.134713
t0.50 = 0.134713
t0.51 = 0.134713
t0.52 = 0.146742
t0.53 = 0.159286
t0.54 = 0.159286
t0.55 = 0.159286
t0.56 = 0.171236
t0.57 = 0.189213
t0.58 = 0.199588
t0.59 = 0.199588
t0.60 = 0.199588
t0.61 = 0.199588
t0.62 = 0.199588
t0.63 = 0.199588
t0.64 = 0.212315
t0.65 = 0.212315
t0.66 = 0.233758
t0.67 = 0.233758
t0.68 = 0.260225
t0.69 = 0.260225
t0.70 = 0.264719
t0.71 = 0.264719
t0.72 = 0.264719
t0.73 = 0.264719
t0.74 = 0.264719
t0.75 = 0.264719
t0.76 = 0.264719
t0.77 = 0.239640
t0.78 = 0.347865
t0.79 = 0.347865
t0.80 = 0.384270
t0.81 = 0.384270
t0.82 = 0.384270
t0.83 = 0.384270
t0.84 = 0.384270
t0.85 = 0.384270
t0.86 = 0.384270
t0.87 = 0.384270
t0.88 = 0.384270
t0.89 = 0.384270
t0.90 = 0.384270
t0.91 = 0.384270
t0.92 = 0.384270
t0.93 = 0.384270
t0.94 = 0.384270
t0.95 = 0.384270
t0.96 = 0.589663
t0.97 = 0.589663
t0.98 = 0.589663
t0.99 = 0.589663
t1.00 = 1.000000
tr0 = 0.193258
tr1 = 0.986067
r0.00 = 131.240000
r0.01 = 0.058984
r0.02 = 0.058984
r0.03 = 0.058984
r0.04 = 0.060353
r0.05 = 0.062921
r0.06 = 0.062921
r0.07 = 0.062921
r0.08 = 0.065928
r0.09 = 0.069078
r0.10 = 0.070722
r0.11 = 0.075225
r0.12 = 0.079574
r0.13 = 0.081725
r0.14 = 0.081725
r0.15 = 0.081725
r0.16 = 0.083995
r0.17 = 0.083995
r0.18 = 0.083995
r0.19 = 0.088936
r0.20 = 0.091631
r0.21 = 0.089354
r0.22 = 0.092236
r0.23 = 0.092236
r0.24 = 0.092236
r0.25 = 0.092236
r0.26 = 0.092236
r0.27 = 0.092236
r0.28 = 0.092236
r0.29 = 0.095311
r0.30 = 0.101403
r0.31 = 0.101403
r0.32 = 0.101403
r0.33 = 0.101403
r0.34 = 0.101403
r0.35 = 0.101403
r0.36 = 0.101403
r0.37 = 0.105024
r0.38 = 0.105024
r0.39 = 0.108914
r0.40 = 0.113103
r0.41 = 0.113103
r0.42 = 0.118277
r0.43 = 0.118749
r0.44 = 0.118749
r0.45 = 0.124147
r0.46 = 0.137640
r0.47 = 0.137640
r0.48 = 0.137640
r0.49 = 0.134713
r0.50 = 0.134713
r0.51 = 0.134713
r0.52 = 0.146742
r0.53 = 0.159286
r0.54 = 0.159286
r0.55 = 0.159286
r0.56 = 0.171236
r0.57 = 0.189213
r0.58 = 0.199588
r0.59 = 0.199588
r0.60 = 0.199588
r0.61 = 0.199588
r0.62 = 0.199588
r0.63 = 0.199588
r0.64 = 0.212315
r0.65 = 0.212315
r0.66 = 0.233758
r0.67 = 0.233758
r0.68 = 0.260225
r0.69 = 0.260225
r0.70 = 0.264719
r0.71 = 0.264719
r0.72 = 0.264719
r0.73 = 0.264719
r0.74 = 0.264719
r0.75 = 0.264719
r0.76 = 0.264719
r0.77 = 0.239640
r0.78 = 0.347865
r0.79 = 0.347865
r0.80 = 0.384270
r0.81 = 0.384270
r0.82 = 0.384270
r0.83 = 0.384270
r0.84 = 0.384270
r0.85 = 0.384270
r0.86 = 0.384270
r0.87 = 0.384270
r0.88 = 0.384270
r0.89 = 0.384270
r0.90 = 0.384270
r0.91 = 0.384270
r0.92 = 0.384270
r0.93 = 0.384270
r0.94 = 0.384270
r0.95 = 0.384270
r0.96 = 0.589663
r0.97 = 0.589663
r0.98 = 0.589663
r0.99 = 0.589663
r1.00 = 1.000000
rr0 = 0.193258
rr1 = 0.986067
