t0.00 = 170.660000
t0.01 = 0.055034
t0.02 = 0.062746
t0.03 = 0.064110
t0.04 = 0.067617
t0.05 = 0.067617
t0.06 = 0.070899
t0.07 = 0.079845
t0.08 = 0.083420
t0.09 = 0.085674
t0.10 = 0.085674
t0.11 = 0.088054
t0.12 = 0.088054
t0.13 = 0.090938
t0.14 = 0.094725
t0.15 = 0.107018
t0.16 = 0.107018
t0.17 = 0.107018
t0.18 = 0.114364
t0.19 = 0.118600
t0.20 = 0.118600
t0.21 = 0.118600
t0.22 = 0.123161
t0.23 = 0.123161
t0.24 = 0.123161
t0.25 = 0.128230
t0.26 = 0.150796
t0.27 = 0.150796
t0.28 = 0.159819
t0.29 = 0.159819
t0.30 = 0.182146
t0.31 = 0.203676
t0.32 = 0.203676
t0.33 = 0.203676
t0.34 = 0.203676
t0.35 = 0.203676
t0.36 = 0.203676
t0.37 = 0.218225
t0.38 = 0.218225
t0.39 = 0.218225
t0.40 = 0.218225
t0.41 = 0.236698
t0.42 = 0.236698
t0.43 = 0.256423
t0.44 = 0.256423
t0.45 = 0.256423
t0.46 = 0.256423
t0.47 = 0.263431
t0.48 = 0.263431
t0.49 = 0.263431
t0.50 = 0.292701
t0.51 = 0.292701
t0.52 = 0.292701
t0.53 = 0.292701
t0.54 = 0.292701
t0.55 = 0.292701
t0.56 = 0.325339
t0.57 = 0.325339
t0.58 = 0.325339
t0.59 = 0.325339
t0.60 = 0.325339
t0.61 = 0.330861
t0.62 = 0.330861
t0.63 = 0.330861
t0.64 = 0.349941
t0.65 = 0.349941
t0.66 = 0.349941
t0.67 = 0.349941
t0.68 = 0.349941
t0.69 = 0.349941
t0.70 = 0.349941
t0.71 = 0.422960
t0.72 = 0.422960
t0.73 = 0.422960
t0.74 = 0.422960
t0.75 = 0.461142
t0.76 = 0.461142
t0.77 = 0.614855
t0.78 = 0.614855
t0.79 = 0.614855
t0.80 = 0.614855
t0.81 = 0.614855
t0.82 = 0.614855
t0.83 = 0.614855
t0.84 = 0.614855
t0.85 = 0.614855
t0.86 = 0.614855
t0.87 = 0.614855
t0.88 = 0.614855
t0.89 = 0.614855
t0.90 = 0.728958
t0.91 = 0.728958
t0.92 = 0.728958
t0.93 = 0.728958
t0.94 = 0.728958
t0.95 = 0.728958
t0.96 = 0.728958
t0.97 = 0.728958
t0.98 = 0.728958
t0.99 = 0.728958
t1.00 = 1.000000
tr0 = 0.617220
tr1 = 0.840697
r0.00 = 170.660000
r0.01 = 0.055034
r0.02 = 0.062746
r0.03 = 0.064110
r0.04 = 0.067617
r0.05 = 0.067617
r0.06 = 0.070899
r0.07 = 0.079845
r0.08 = 0.083420
r0.09 = 0.085674
r0.10 = 0.085674
r0.11 = 0.088054
r0.12 = 0.088054
r0.13 = 0.090938
r0.14 = 0.094725
r0.15 = 0.107018
r0.16 = 0.107018
r0.17 = 0.107018
r0.18 = 0.114364
r0.19 = 0.118600
r0.20 = 0.118600
r0.21 = 0.118600
r0.22 = 0.123161
r0.23 = 0.123161
r0.24 = 0.123161
r0.25 = 0.128230
r0.26 = 0.150796
r0.27 = 0.150796
r0.28 = 0.159819
r0.29 = 0.159819
r0.30 = 0.182146
r0.31 = 0.203676
r0.32 = 0.203676
r0.33 = 0.203676
r0.34 = 0.203676
r0.35 = 0.203676
r0.36 = 0.203676
r0.37 = 0.218225
r0.38 = 0.218225
r0.39 = 0.218225
r0.40 = 0.218225
r0.41 = 0.236698
r0.42 = 0.236698
r0.43 = 0.256423
r0.44 = 0.256423
r0.45 = 0.256423
r0.46 = 0.256423
r0.47 = 0.263431
r0.48 = 0.263431
r0.49 = 0.263431
r0.50 = 0.292701
r0.51 = 0.292701
r0.52 = 0.292701
r0.53 = 0.292701
r0.54 = 0.292701
r0.55 = 0.292701
r0.56 = 0.325339
r0.57 = 0.325339
r0.58 = 0.325339
r0.59 = 0.325339
r0.60 = 0.325339
r0.61 = 0.330861
r0.62 = 0.330861
r0.63 = 0.330861
r0.64 = 0.349941
r0.65 = 0.349941
r0.66 = 0.349941
r0.67 = 0.349941
r0.68 = 0.349941
r0.69 = 0.349941
r0.70 = 0.349941
r0.71 = 0.422960
r0.72 = 0.422960
r0.73 = 0.422960
r0.74 = 0.422960
r0.75 = 0.461142
r0.76 = 0.461142
r0.77 = 0.614855
r0.78 = 0.614855
r0.79 = 0.614855
r0.80 = 0.614855
r0.81 = 0.614855
r0.82 = 0.614855
r0.83 = 0.614855
r0.84 = 0.614855
r0.85 = 0.614855
r0.86 = 0.614855
r0.87 = 0.614855
r0.88 = 0.614855
r0.89 = 0.614855
r0.90 = 0.728958
r0.91 = 0.728958
r0.92 = 0.728958
r0.93 = 0.728958
r0.94 = 0.728958
r0.95 = 0.728958
r0.96 = 0.728958
r0.97 = 0.728958
r0.98 = 0.728958
r0.99 = 0.728958
r1.00 = 1.000000
rr0 = 0.617220
rr1 = 0.840697
