t0.00 = 150.740000
t0.01 = 0.049143
t0.02 = 0.051234
t0.03 = 0.053511
t0.04 = 0.054727
t0.05 = 0.054727
t0.06 = 0.054727
t0.07 = 0.054727
t0.08 = 0.054727
t0.09 = 0.057333
t0.10 = 0.057333
t0.11 = 0.058731
t0.12 = 0.059138
t0.13 = 0.061468
t0.14 = 0.064822
t0.15 = 0.064822
t0.16 = 0.068140
t0.17 = 0.072148
t0.18 = 0.081969
t0.19 = 0.081969
t0.20 = 0.081969
t0.21 = 0.081969
t0.22 = 0.081969
t0.23 = 0.081969
t0.24 = 0.082892
t0.25 = 0.085655
t0.26 = 0.094470
t0.27 = 0.105291
t0.28 = 0.105291
t0.29 = 0.105291
t0.30 = 0.112287
t0.31 = 0.115683
t0.32 = 0.115683
t0.33 = 0.115683
t0.34 = 0.115683
t0.35 = 0.115683
t0.36 = 0.124049
t0.37 = 0.150231
t0.38 = 0.150231
t0.39 = 0.150231
t0.40 = 0.173283
t0.41 = 0.173283
t0.42 = 0.184835
t0.43 = 0.184835
t0.44 = 0.200123
t0.45 = 0.220367
t0.46 = 0.220367
t0.47 = 0.220367
t0.48 = 0.249617
t0.49 = 0.249617
t0.50 = 0.249617
t0.51 = 0.249617
t0.52 = 0.249617
t0.53 = 0.277352
t0.54 = 0.277352
t0.55 = 0.301797
t0.56 = 0.301797
t0.57 = 0.301797
t0.58 = 0.301797
t0.59 = 0.315746
t0.60 = 0.315746
t0.61 = 0.315746
t0.62 = 0.315746
t0.63 = 0.369436
t0.64 = 0.369436
t0.65 = 0.369436
t0.66 = 0.369436
t0.67 = 0.406006
t0.68 = 0.406006
t0.69 = 0.406006
t0.70 = 0.406006
t0.71 = 0.406006
t0.72 = 0.406006
t0.73 = 0.406006
t0.74 = 0.509744
t0.75 = 0.509744
t0.76 = 0.509744
t0.77 = 0.509744
t0.78 = 0.509744
t0.79 = 0.509744
t0.80 = 0.594356
t0.81 = 0.594356
t0.82 = 0.594356
t0.83 = 0.594356
t0.84 = 0.594356
t0.85 = 0.594356
t0.86 = 0.594356
t0.87 = 0.594356
t0.88 = 0.594356
t0.89 = 0.594356
t0.90 = 0.594356
t0.91 = 0.594356
t0.92 = 0.594356
t0.93 = 0.594356
t0.94 = 0.594356
t0.95 = 0.652396
t0.96 = 0.652396
t0.97 = 0.652396
t0.98 = 0.652396
t0.99 = 0.652396
t1.00 = 1.000000
tr0 = 0.408626
tr1 = 0.896166
r0.00 = 150.740000
r0.01 = 0.049143
r0.02 = 0.051234
r0.03 = 0.053511
r0.04 = 0.054727
r0.05 = 0.054727
r0.06 = 0.054727
r0.07 = 0.054727
r0.08 = 0.054727
r0.09 = 0.057333
r0.10 = 0.057333
r0.11 = 0.058731
r0.12 = 0.059138
r0.13 = 0.061468
r0.14 = 0.064822
r0.15 = 0.064822
r0.16 = 0.068140
r0.17 = 0.072148
r0.18 = 0.081969
r0.19 = 0.081969
r0.20 = 0.081969
r0.21 = 0.081969
r0.22 = 0.081969
r0.23 = 0.081969
r0.24 = 0.082892
r0.25 = 0.085655
r0.26 = 0.094470
r0.27 = 0.105291
r0.28 = 0.105291
r0.29 = 0.105291
r0.30 = 0.112287
r0.31 = 0.115683
r0.32 = 0.115683
r0.33 = 0.115683
r0.34 = 0.115683
r0.35 = 0.115683
r0.36 = 0.124049
r0.37 = 0.150231
r0.38 = 0.150231
r0.39 = 0.150231
r0.40 = 0.173283
r0.41 = 0.173283
r0.42 = 0.184835
r0.43 = 0.184835
r0.44 = 0.200123
r0.45 = 0.220367
r0.46 = 0.220367
r0.47 = 0.220367
r0.48 = 0.249617
r0.49 = 0.249617
r0.50 = 0.249617
r0.51 = 0.249617
r0.52 = 0.249617
r0.53 = 0.277352
r0.54 = 0.277352
r0.55 = 0.301797
r0.56 = 0.301797
r0.57 = 0.301797
r0.58 = 0.301797
r0.59 = 0.315746
r0.60 = 0.315746
r0.61 = 0.315746
r0.62 = 0.315746
r0.63 = 0.369436
r0.64 = 0.369436
r0.65 = 0.369436
r0.66 = 0.369436
r0.67 = 0.406006
r0.68 = 0.406006
r0.69 = 0.406006
r0.70 = 0.406006
r0.71 = 0.406006
r0.72 = 0.406006
r0.73 = 0.406006
r0.74 = 0.509744
r0.75 = 0.509744
r0.76 = 0.509744
r0.77 = 0.509744
r0.78 = 0.509744
r0.79 = 0.509744
r0.80 = 0.594356
r0.81 = 0.594356
r0.82 = 0.594356
r0.83 = 0.594356
r0.84 = 0.594356
r0.85 = 0.594356
r0.86 = 0.594356
r0.87 = 0.594356
r0.88 = 0.594356
r0.89 = 0.594356
r0.90 = 0.594356
r0.91 = 0.594356
r0.92 = 0.594356
r0.93 = 0.594356
r0.94 = 0.594356
r0.95 = 0.652396
r0.96 = 0.652396
r0.97 = 0.652396
r0.98 = 0.652396
r0.99 = 0.652396
r1.00 = 1.000000
rr0 = 0.408626
rr1 = 0.896166
