t0.00 = 0.000000
t0.01 = 0.000000
t0.02 = 0.000032
t0.03 = 0.000032
t0.04 = 0.000032
t0.05 = 0.000032
t0.06 = 0.000032
t0.07 = 0.000182
t0.08 = 0.000494
t0.09 = 0.000745
t0.10 = 0.000782
t0.11 = 0.001448
t0.12 = 0.001747
t0.13 = 0.001747
t0.14 = 0.001747
t0.15 = 0.002819
t0.16 = 0.002899
t0.17 = 0.002899
t0.18 = 0.004852
t0.19 = 0.005507
t0.20 = 0.005507
t0.21 = 0.005507
t0.22 = 0.006059
t0.23 = 0.006059
t0.24 = 0.006059
t0.25 = 0.006059
t0.26 = 0.007333
t0.27 = 0.008372
t0.28 = 0.008372
t0.29 = 0.009522
t0.30 = 0.009522
t0.31 = 0.011543
t0.32 = 0.011543
t0.33 = 0.011543
t0.34 = 0.011543
t0.35 = 0.013741
t0.36 = 0.018128
t0.37 = 0.019291
t0.38 = 0.022506
t0.39 = 0.022506
t0.40 = 0.027094
t0.41 = 0.033104
t0.42 = 0.033104
t0.43 = 0.037294
t0.44 = 0.037294
t0.45 = 0.037294
t0.46 = 0.037294
t0.47 = 0.042424
t0.48 = 0.046362
t0.49 = 0.046362
t0.50 = 0.046362
t0.51 = 0.053754
t0.52 = 0.064189
t0.53 = 0.074061
t0.54 = 0.074061
t0.55 = 0.074061
t0.56 = 0.074061
t0.57 = 0.087376
t0.58 = 0.098703
t0.59 = 0.098703
t0.60 = 0.098703
t0.61 = 0.098703
t0.62 = 0.098703
t0.63 = 0.098703
t0.64 = 0.116073
t0.65 = 0.116073
t0.66 = 0.139488
t0.67 = 0.139488
t0.68 = 0.139488
t0.69 = 0.139488
t0.70 = 0.139488
t0.71 = 0.169826
t0.72 = 0.169826
t0.73 = 0.169826
t0.74 = 0.169826
t0.75 = 0.169826
t0.76 = 0.169826
t0.77 = 0.169826
t0.78 = 0.169826
t0.79 = 0.169826
t0.80 = 0.169826
t0.81 = 0.169826
t0.82 = 0.169826
t0.83 = 0.169826
t0.84 = 0.169826
t0.85 = 0.169826
t0.86 = 0.169826
t0.87 = 0.221057
t0.88 = 0.221057
t0.89 = 0.221057
t0.90 = 0.221057
t0.91 = 0.221057
t0.92 = 0.221057
t0.93 = 0.221057
t0.94 = 0.221057
t0.95 = 0.221057
t0.96 = 0.323225
t0.97 = 0.323225
t0.98 = 0.323225
t0.99 = 0.495327
t1.00 = 1.000000
tr0 = 0.534618
tr1 = 0.456037
r0.00 = 0.000000
r0.01 = 0.000000
r0.02 = 0.000032
r0.03 = 0.000032
r0.04 = 0.000032
r0.05 = 0.000032
r0.06 = 0.000032
r0.07 = 0.000182
r0.08 = 0.000494
r0.09 = 0.000745
r0.10 = 0.000782
r0.11 = 0.001448
r0.12 = 0.001747
r0.13 = 0.001747
r0.14 = 0.001747
r0.15 = 0.002819
r0.16 = 0.002899
r0.17 = 0.002899
r0.18 = 0.004852
r0.19 = 0.005507
r0.20 = 0.005507
r0.21 = 0.005507
r0.22 = 0.006059
r0.23 = 0.006059
r0.24 = 0.006059
r0.25 = 0.006059
r0.26 = 0.007333
r0.27 = 0.008372
r0.28 = 0.008372
r0.29 = 0.009522
r0.30 = 0.009522
r0.31 = 0.011543
r0.32 = 0.011543
r0.33 = 0.011543
r0.34 = 0.011543
r0.35 = 0.013741
r0.36 = 0.018128
r0.37 = 0.019291
r0.38 = 0.022506
r0.39 = 0.022506
r0.40 = 0.027094
r0.41 = 0.033104
r0.42 = 0.033104
r0.43 = 0.037294
r0.44 = 0.037294
r0.45 = 0.037294
r0.46 = 0.037294
r0.47 = 0.042424
r0.48 = 0.046362
r0.49 = 0.046362
r0.50 = 0.046362
r0.51 = 0.053754
r0.52 = 0.064189
r0.53 = 0.074061
r0.54 = 0.074061
r0.55 = 0.074061
r0.56 = 0.074061
r0.57 = 0.087376
r0.58 = 0.098703
r0.59 = 0.098703
r0.60 = 0.098703
r0.61 = 0.098703
r0.62 = 0.098703
r0.63 = 0.098703
r0.64 = 0.116073
r0.65 = 0.116073
r0.66 = 0.139488
r0.67 = 0.139488
r0.68 = 0.139488
r0.69 = 0.139488
r0.70 = 0.139488
r0.71 = 0.169826
r0.72 = 0.169826
r0.73 = 0.169826
r0.74 = 0.169826
r0.75 = 0.169826
r0.76 = 0.169826
r0.77 = 0.169826
r0.78 = 0.169826
r0.79 = 0.169826
r0.80 = 0.169826
r0.81 = 0.169826
r0.82 = 0.169826
r0.83 = 0.169826
r0.84 = 0.169826
r0.85 = 0.169826
r0.86 = 0.169826
r0.87 = 0.221057
r0.88 = 0.221057
r0.89 = 0.221057
r0.90 = 0.221057
r0.91 = 0.221057
r0.92 = 0.221057
r0.93 = 0.221057
r0.94 = 0.221057
r0.95 = 0.221057
r0.96 = 0.323225
r0.97 = 0.323225
r0.98 = 0.323225
r0.99 = 0.495327
r1.00 = 1.000000
rr0 = 0.534618
rr1 = 0.456037
