t0.00 = 5.360000
t0.01 = 0.001386
t0.02 = 0.001386
t0.03 = 0.001621
t0.04 = 0.001656
t0.05 = 0.002074
t0.06 = 0.002357
t0.07 = 0.003294
t0.08 = 0.003785
t0.09 = 0.004400
t0.10 = 0.004526
t0.11 = 0.004526
t0.12 = 0.005395
t0.13 = 0.006440
t0.14 = 0.007032
t0.15 = 0.008124
t0.16 = 0.008124
t0.17 = 0.008124
t0.18 = 0.009456
t0.19 = 0.009456
t0.20 = 0.014751
t0.21 = 0.016893
t0.22 = 0.021813
t0.23 = 0.021813
t0.24 = 0.021813
t0.25 = 0.022961
t0.26 = 0.025564
t0.27 = 0.027748
t0.28 = 0.027748
t0.29 = 0.027748
t0.30 = 0.027748
t0.31 = 0.032327
t0.32 = 0.032327
t0.33 = 0.036963
t0.34 = 0.036963
t0.35 = 0.046943
t0.36 = 0.046943
t0.37 = 0.046943
t0.38 = 0.054857
t0.39 = 0.064142
t0.40 = 0.064142
t0.41 = 0.081329
t0.42 = 0.081329
t0.43 = 0.096775
t0.44 = 0.111678
t0.45 = 0.111678
t0.46 = 0.111678
t0.47 = 0.130291
t0.48 = 0.130291
t0.49 = 0.130291
t0.50 = 0.130291
t0.51 = 0.130291
t0.52 = 0.130291
t0.53 = 0.167463
t0.54 = 0.167463
t0.55 = 0.286397
t0.56 = 0.286397
t0.57 = 0.286397
t0.58 = 0.286397
t0.59 = 0.286397
t0.60 = 0.286397
t0.61 = 0.286397
t0.62 = 0.286397
t0.63 = 0.286397
t0.64 = 0.286397
t0.65 = 0.286397
t0.66 = 0.286397
t0.67 = 0.286397
t0.68 = 0.286397
t0.69 = 0.286397
t0.70 = 0.286397
t0.71 = 0.286397
t0.72 = 0.286397
t0.73 = 0.286397
t0.74 = 0.286397
t0.75 = 0.286397
t0.76 = 0.286397
t0.77 = 0.286397
t0.78 = 0.286397
t0.79 = 0.286397
t0.80 = 0.286397
t0.81 = 0.286397
t0.82 = 0.286397
t0.83 = 0.286397
t0.84 = 0.286397
t0.85 = 0.286397
t0.86 = 0.286397
t0.87 = 0.286397
t0.88 = 0.286397
t0.89 = 0.286397
t0.90 = 0.286397
t0.91 = 0.286397
t0.92 = 0.286397
t0.93 = 0.286397
t0.94 = 0.286397
t0.95 = 0.286397
t0.96 = 0.286397
t0.97 = 0.286397
t0.98 = 0.479884
t0.99 = 0.479884
t1.00 = 1.000000
tr0 = 0.440030
tr1 = 0.519738
r0.00 = 5.360000
r0.01 = 0.001386
r0.02 = 0.001386
r0.03 = 0.001621
r0.04 = 0.001656
r0.05 = 0.002074
r0.06 = 0.002357
r0.07 = 0.003294
r0.08 = 0.003785
r0.09 = 0.004400
r0.10 = 0.004526
r0.11 = 0.004526
r0.12 = 0.005395
r0.13 = 0.006440
r0.14 = 0.007032
r0.15 = 0.008124
r0.16 = 0.008124
r0.17 = 0.008124
r0.18 = 0.009456
r0.19 = 0.009456
r0.20 = 0.014751
r0.21 = 0.016893
r0.22 = 0.021813
r0.23 = 0.021813
r0.24 = 0.021813
r0.25 = 0.022961
r0.26 = 0.025564
r0.27 = 0.027748
r0.28 = 0.027748
r0.29 = 0.027748
r0.30 = 0.027748
r0.31 = 0.032327
r0.32 = 0.032327
r0.33 = 0.036963
r0.34 = 0.036963
r0.35 = 0.046943
r0.36 = 0.046943
r0.37 = 0.046943
r0.38 = 0.054857
r0.39 = 0.064142
r0.40 = 0.064142
r0.41 = 0.081329
r0.42 = 0.081329
r0.43 = 0.096775
r0.44 = 0.111678
r0.45 = 0.111678
r0.46 = 0.111678
r0.47 = 0.130291
r0.48 = 0.130291
r0.49 = 0.130291
r0.50 = 0.130291
r0.51 = 0.130291
r0.52 = 0.130291
r0.53 = 0.167463
r0.54 = 0.167463
r0.55 = 0.286397
r0.56 = 0.286397
r0.57 = 0.286397
r0.58 = 0.286397
r0.59 = 0.286397
r0.60 = 0.286397
r0.61 = 0.286397
r0.62 = 0.286397
r0.63 = 0.286397
r0.64 = 0.286397
r0.65 = 0.286397
r0.66 = 0.286397
r0.67 = 0.286397
r0.68 = 0.286397
r0.69 = 0.286397
r0.70 = 0.286397
r0.71 = 0.286397
r0.72 = 0.286397
r0.73 = 0.286397
r0.74 = 0.286397
r0.75 = 0.286397
r0.76 = 0.286397
r0.77 = 0.286397
r0.78 = 0.286397
r0.79 = 0.286397
r0.80 = 0.286397
r0.81 = 0.286397
r0.82 = 0.286397
r0.83 = 0.286397
r0.84 = 0.286397
r0.85 = 0.286397
r0.86 = 0.286397
r0.87 = 0.286397
r0.88 = 0.286397
r0.89 = 0.286397
r0.90 = 0.286397
r0.91 = 0.286397
r0.92 = 0.286397
r0.93 = 0.286397
r0.94 = 0.286397
r0.95 = 0.286397
r0.96 = 0.286397
r0.97 = 0.286397
r0.98 = 0.479884
r0.99 = 0.479884
r1.00 = 1.000000
rr0 = 0.440030
rr1 = 0.519738
