t0.00 = 700.760000
t0.01 = 0.358566
t0.02 = 0.359979
t0.03 = 0.366466
t0.04 = 0.380911
t0.05 = 0.380911
t0.06 = 0.380911
t0.07 = 0.380916
t0.08 = 0.387452
t0.09 = 0.387452
t0.10 = 0.407189
t0.11 = 0.418304
t0.12 = 0.429924
t0.13 = 0.429924
t0.14 = 0.430878
t0.15 = 0.422849
t0.16 = 0.436063
t0.17 = 0.450129
t0.18 = 0.446312
t0.19 = 0.446312
t0.20 = 0.446312
t0.21 = 0.446312
t0.22 = 0.461702
t0.23 = 0.458738
t0.24 = 0.470026
t0.25 = 0.470026
t0.26 = 0.485615
t0.27 = 0.485615
t0.28 = 0.485615
t0.29 = 0.485615
t0.30 = 0.485615
t0.31 = 0.473057
t0.32 = 0.473057
t0.33 = 0.465585
t0.34 = 0.490090
t0.35 = 0.490090
t0.36 = 0.517317
t0.37 = 0.517317
t0.38 = 0.517317
t0.39 = 0.517317
t0.40 = 0.542731
t0.41 = 0.542731
t0.42 = 0.534492
t0.43 = 0.534492
t0.44 = 0.534492
t0.45 = 0.534492
t0.46 = 0.534492
t0.47 = 0.534492
t0.48 = 0.552337
t0.49 = 0.552337
t0.50 = 0.531511
t0.51 = 0.531511
t0.52 = 0.531511
t0.53 = 0.531511
t0.54 = 0.531511
t0.55 = 0.531511
t0.56 = 0.531511
t0.57 = 0.529010
t0.58 = 0.529010
t0.59 = 0.524936
t0.60 = 0.583262
t0.61 = 0.583262
t0.62 = 0.583262
t0.63 = 0.656170
t0.64 = 0.656170
t0.65 = 0.656170
t0.66 = 0.656170
t0.67 = 0.656170
t0.68 = 0.643551
t0.69 = 0.610203
t0.70 = 0.610203
t0.71 = 0.732243
t0.72 = 0.732243
t0.73 = 0.732243
t0.74 = 0.732243
t0.75 = 0.732243
t0.76 = 0.732243
t0.77 = 0.732243
t0.78 = 0.732243
t0.79 = 0.732243
t0.80 = 0.732243
t0.81 = 0.732243
t0.82 = 0.732243
t0.83 = 0.732243
t0.84 = 0.732243
t0.85 = 0.732243
t0.86 = 0.732243
t0.87 = 0.727261
t0.88 = 0.727261
t0.89 = 0.727261
t0.90 = 0.727261
t0.91 = 0.727261
t0.92 = 0.727261
t0.93 = 0.727261
t0.94 = 0.727261
t0.95 = 0.727261
t0.96 = 0.727261
t0.97 = 0.866122
t0.98 = 0.866122
t0.99 = 0.866122
t1.00 = 1.000000
tr0 = 0.886050
tr1 = 0.977006
r0.00 = 700.760000
r0.01 = 0.358566
r0.02 = 0.359979
r0.03 = 0.366466
r0.04 = 0.380911
r0.05 = 0.380911
r0.06 = 0.380911
r0.07 = 0.380916
r0.08 = 0.387452
r0.09 = 0.387452
r0.10 = 0.407189
r0.11 = 0.418304
r0.12 = 0.429924
r0.13 = 0.429924
r0.14 = 0.430878
r0.15 = 0.422849
r0.16 = 0.436063
r0.17 = 0.450129
r0.18 = 0.446312
r0.19 = 0.446312
r0.20 = 0.446312
r0.21 = 0.446312
r0.22 = 0.461702
r0.23 = 0.458738
r0.24 = 0.470026
r0.25 = 0.470026
r0.26 = 0.485615
r0.27 = 0.485615
r0.28 = 0.485615
r0.29 = 0.485615
r0.30 = 0.485615
r0.31 = 0.473057
r0.32 = 0.473057
r0.33 = 0.465585
r0.34 = 0.490090
r0.35 = 0.490090
r0.36 = 0.517317
r0.37 = 0.517317
r0.38 = 0.517317
r0.39 = 0.517317
r0.40 = 0.542731
r0.41 = 0.542731
r0.42 = 0.534492
r0.43 = 0.534492
r0.44 = 0.534492
r0.45 = 0.534492
r0.46 = 0.534492
r0.47 = 0.534492
r0.48 = 0.552337
r0.49 = 0.552337
r0.50 = 0.531511
r0.51 = 0.531511
r0.52 = 0.531511
r0.53 = 0.531511
r0.54 = 0.531511
r0.55 = 0.531511
r0.56 = 0.531511
r0.57 = 0.529010
r0.58 = 0.529010
r0.59 = 0.524936
r0.60 = 0.583262
r0.61 = 0.583262
r0.62 = 0.583262
r0.63 = 0.656170
r0.64 = 0.656170
r0.65 = 0.656170
r0.66 = 0.656170
r0.67 = 0.656170
r0.68 = 0.643551
r0.69 = 0.610203
r0.70 = 0.610203
r0.71 = 0.732243
r0.72 = 0.732243
r0.73 = 0.732243
r0.74 = 0.732243
r0.75 = 0.732243
r0.76 = 0.732243
r0.77 = 0.732243
r0.78 = 0.732243
r0.79 = 0.732243
r0.80 = 0.732243
r0.81 = 0.732243
r0.82 = 0.732243
r0.83 = 0.732243
r0.84 = 0.732243
r0.85 = 0.732243
r0.86 = 0.732243
r0.87 = 0.727261
r0.88 = 0.727261
r0.89 = 0.727261
r0.90 = 0.727261
r0.91 = 0.727261
r0.92 = 0.727261
r0.93 = 0.727261
r0.94 = 0.727261
r0.95 = 0.727261
r0.96 = 0.727261
r0.97 = 0.866122
r0.98 = 0.866122
r0.99 = 0.866122
r1.00 = 1.000000
rr0 = 0.886050
rr1 = 0.977006
