t0.00 = 613.780000
t0.01 = 0.219392
t0.02 = 0.227087
t0.03 = 0.232133
t0.04 = 0.232133
t0.05 = 0.232133
t0.06 = 0.238718
t0.07 = 0.238718
t0.08 = 0.238718
t0.09 = 0.237526
t0.10 = 0.240478
t0.11 = 0.253135
t0.12 = 0.253135
t0.13 = 0.253135
t0.14 = 0.253135
t0.15 = 0.259976
t0.16 = 0.259976
t0.17 = 0.257146
t0.18 = 0.257146
t0.19 = 0.263766
t0.20 = 0.263766
t0.21 = 0.276763
t0.22 = 0.276763
t0.23 = 0.275623
t0.24 = 0.285128
t0.25 = 0.295311
t0.26 = 0.295311
t0.27 = 0.295311
t0.28 = 0.295311
t0.29 = 0.299861
t0.30 = 0.293056
t0.31 = 0.304778
t0.32 = 0.317477
t0.33 = 0.317477
t0.34 = 0.317477
t0.35 = 0.317477
t0.36 = 0.317477
t0.37 = 0.317477
t0.38 = 0.317477
t0.39 = 0.317477
t0.40 = 0.317477
t0.41 = 0.317477
t0.42 = 0.317477
t0.43 = 0.317477
t0.44 = 0.301199
t0.45 = 0.315542
t0.46 = 0.329439
t0.47 = 0.329439
t0.48 = 0.329439
t0.49 = 0.329439
t0.50 = 0.329439
t0.51 = 0.329439
t0.52 = 0.347742
t0.53 = 0.368197
t0.54 = 0.391209
t0.55 = 0.391209
t0.56 = 0.391209
t0.57 = 0.452884
t0.58 = 0.452884
t0.59 = 0.462657
t0.60 = 0.462657
t0.61 = 0.501212
t0.62 = 0.501212
t0.63 = 0.501212
t0.64 = 0.501212
t0.65 = 0.576350
t0.66 = 0.576350
t0.67 = 0.576350
t0.68 = 0.576350
t0.69 = 0.604186
t0.70 = 0.604186
t0.71 = 0.604186
t0.72 = 0.655817
t0.73 = 0.649733
t0.74 = 0.649733
t0.75 = 0.649733
t0.76 = 0.680113
t0.77 = 0.680113
t0.78 = 0.680113
t0.79 = 0.680113
t0.80 = 0.680113
t0.81 = 0.725277
t0.82 = 0.725277
t0.83 = 0.725277
t0.84 = 0.725277
t0.85 = 0.725277
t0.86 = 0.777268
t0.87 = 0.777268
t0.88 = 0.777268
t0.89 = 0.777268
t0.90 = 0.777268
t0.91 = 0.775277
t0.92 = 0.775277
t0.93 = 0.775277
t0.94 = 0.775277
t0.95 = 0.931614
t0.96 = 0.931614
t0.97 = 0.931614
t0.98 = 0.931614
t0.99 = 0.931614
t1.00 = 1.000000
tr0 = 0.897853
tr1 = 0.965374
r0.00 = 613.780000
r0.01 = 0.219392
r0.02 = 0.227087
r0.03 = 0.232133
r0.04 = 0.232133
r0.05 = 0.232133
r0.06 = 0.238718
r0.07 = 0.238718
r0.08 = 0.238718
r0.09 = 0.237526
r0.10 = 0.240478
r0.11 = 0.253135
r0.12 = 0.253135
r0.13 = 0.253135
r0.14 = 0.253135
r0.15 = 0.259976
r0.16 = 0.259976
r0.17 = 0.257146
r0.18 = 0.257146
r0.19 = 0.263766
r0.20 = 0.263766
r0.21 = 0.276763
r0.22 = 0.276763
r0.23 = 0.275623
r0.24 = 0.285128
r0.25 = 0.295311
r0.26 = 0.295311
r0.27 = 0.295311
r0.28 = 0.295311
r0.29 = 0.299861
r0.30 = 0.293056
r0.31 = 0.304778
r0.32 = 0.317477
r0.33 = 0.317477
r0.34 = 0.317477
r0.35 = 0.317477
r0.36 = 0.317477
r0.37 = 0.317477
r0.38 = 0.317477
r0.39 = 0.317477
r0.40 = 0.317477
r0.41 = 0.317477
r0.42 = 0.317477
r0.43 = 0.317477
r0.44 = 0.301199
r0.45 = 0.315542
r0.46 = 0.329439
r0.47 = 0.329439
r0.48 = 0.329439
r0.49 = 0.329439
r0.50 = 0.329439
r0.51 = 0.329439
r0.52 = 0.347742
r0.53 = 0.368197
r0.54 = 0.391209
r0.55 = 0.391209
r0.56 = 0.391209
r0.57 = 0.452884
r0.58 = 0.452884
r0.59 = 0.462657
r0.60 = 0.462657
r0.61 = 0.501212
r0.62 = 0.501212
r0.63 = 0.501212
r0.64 = 0.501212
r0.65 = 0.576350
r0.66 = 0.576350
r0.67 = 0.576350
r0.68 = 0.576350
r0.69 = 0.604186
r0.70 = 0.604186
r0.71 = 0.604186
r0.72 = 0.655817
r0.73 = 0.649733
r0.74 = 0.649733
r0.75 = 0.649733
r0.76 = 0.680113
r0.77 = 0.680113
r0.78 = 0.680113
r0.79 = 0.680113
r0.80 = 0.680113
r0.81 = 0.725277
r0.82 = 0.725277
r0.83 = 0.725277
r0.84 = 0.725277
r0.85 = 0.725277
r0.86 = 0.777268
r0.87 = 0.777268
r0.88 = 0.777268
r0.89 = 0.777268
r0.90 = 0.777268
r0.91 = 0.775277
r0.92 = 0.775277
r0.93 = 0.775277
r0.94 = 0.775277
r0.95 = 0.931614
r0.96 = 0.931614
r0.97 = 0.931614
r0.98 = 0.931614
r0.99 = 0.931614
r1.00 = 1.000000
rr0 = 0.897853
rr1 = 0.965374
