t0.00 = 146.940000
t0.01 = 0.068889
t0.02 = 0.068889
t0.03 = 0.071759
t0.04 = 0.071759
t0.05 = 0.077549
t0.06 = 0.079690
t0.07 = 0.079690
t0.08 = 0.088036
t0.09 = 0.092007
t0.10 = 0.092007
t0.11 = 0.092007
t0.12 = 0.096073
t0.13 = 0.098601
t0.14 = 0.099492
t0.15 = 0.105177
t0.16 = 0.116268
t0.17 = 0.125348
t0.18 = 0.129670
t0.19 = 0.129670
t0.20 = 0.129670
t0.21 = 0.129670
t0.22 = 0.134301
t0.23 = 0.134301
t0.24 = 0.134301
t0.25 = 0.144632
t0.26 = 0.144632
t0.27 = 0.144632
t0.28 = 0.144632
t0.29 = 0.144632
t0.30 = 0.150417
t0.31 = 0.154985
t0.32 = 0.154985
t0.33 = 0.154985
t0.34 = 0.154985
t0.35 = 0.161724
t0.36 = 0.161724
t0.37 = 0.169075
t0.38 = 0.169075
t0.39 = 0.169075
t0.40 = 0.180028
t0.41 = 0.180028
t0.42 = 0.194488
t0.43 = 0.194488
t0.44 = 0.194488
t0.45 = 0.205292
t0.46 = 0.205292
t0.47 = 0.205292
t0.48 = 0.205292
t0.49 = 0.203580
t0.50 = 0.203580
t0.51 = 0.203580
t0.52 = 0.216303
t0.53 = 0.216303
t0.54 = 0.216303
t0.55 = 0.230724
t0.56 = 0.247204
t0.57 = 0.247204
t0.58 = 0.280864
t0.59 = 0.332656
t0.60 = 0.332656
t0.61 = 0.332656
t0.62 = 0.332656
t0.63 = 0.332656
t0.64 = 0.339135
t0.65 = 0.339135
t0.66 = 0.339135
t0.67 = 0.339135
t0.68 = 0.339135
t0.69 = 0.404048
t0.70 = 0.404048
t0.71 = 0.404048
t0.72 = 0.404048
t0.73 = 0.404048
t0.74 = 0.404048
t0.75 = 0.404048
t0.76 = 0.404048
t0.77 = 0.404048
t0.78 = 0.404048
t0.79 = 0.404048
t0.80 = 0.404048
t0.81 = 0.404048
t0.82 = 0.404048
t0.83 = 0.425316
t0.84 = 0.532114
t0.85 = 0.532114
t0.86 = 0.572589
t0.87 = 0.572589
t0.88 = 0.572589
t0.89 = 0.572589
t0.90 = 0.572589
t0.91 = 0.572589
t0.92 = 0.572589
t0.93 = 0.572589
t0.94 = 0.572589
t0.95 = 0.572589
t0.96 = 0.572589
t0.97 = 0.572589
t0.98 = 0.859119
t0.99 = 0.859119
t1.00 = 1.000000
tr0 = 0.898265
tr1 = 0.819972
r0.00 = 146.940000
r0.01 = 0.068889
r0.02 = 0.068889
r0.03 = 0.071759
r0.04 = 0.071759
r0.05 = 0.077549
r0.06 = 0.079690
r0.07 = 0.079690
r0.08 = 0.088036
r0.09 = 0.092007
r0.10 = 0.092007
r0.11 = 0.092007
r0.12 = 0.096073
r0.13 = 0.098601
r0.14 = 0.099492
r0.15 = 0.105177
r0.16 = 0.116268
r0.17 = 0.125348
r0.18 = 0.129670
r0.19 = 0.129670
r0.20 = 0.129670
r0.21 = 0.129670
r0.22 = 0.134301
r0.23 = 0.134301
r0.24 = 0.134301
r0.25 = 0.144632
r0.26 = 0.144632
r0.27 = 0.144632
r0.28 = 0.144632
r0.29 = 0.144632
r0.30 = 0.150417
r0.31 = 0.154985
r0.32 = 0.154985
r0.33 = 0.154985
r0.34 = 0.154985
r0.35 = 0.161724
r0.36 = 0.161724
r0.37 = 0.169075
r0.38 = 0.169075
r0.39 = 0.169075
r0.40 = 0.180028
r0.41 = 0.180028
r0.42 = 0.194488
r0.43 = 0.194488
r0.44 = 0.194488
r0.45 = 0.205292
r0.46 = 0.205292
r0.47 = 0.205292
r0.48 = 0.205292
r0.49 = 0.203580
r0.50 = 0.203580
r0.51 = 0.203580
r0.52 = 0.216303
r0.53 = 0.216303
r0.54 = 0.216303
r0.55 = 0.230724
r0.56 = 0.247204
r0.57 = 0.247204
r0.58 = 0.280864
r0.59 = 0.332656
r0.60 = 0.332656
r0.61 = 0.332656
r0.62 = 0.332656
r0.63 = 0.332656
r0.64 = 0.339135
r0.65 = 0.339135
r0.66 = 0.339135
r0.67 = 0.339135
r0.68 = 0.339135
r0.69 = 0.404048
r0.70 = 0.404048
r0.71 = 0.404048
r0.72 = 0.404048
r0.73 = 0.404048
r0.74 = 0.404048
r0.75 = 0.404048
r0.76 = 0.404048
r0.77 = 0.404048
r0.78 = 0.404048
r0.79 = 0.404048
r0.80 = 0.404048
r0.81 = 0.404048
r0.82 = 0.404048
r0.83 = 0.425316
r0.84 = 0.532114
r0.85 = 0.532114
r0.86 = 0.572589
r0.87 = 0.572589
r0.88 = 0.572589
r0.89 = 0.572589
r0.90 = 0.572589
r0.91 = 0.572589
r0.92 = 0.572589
r0.93 = 0.572589
r0.94 = 0.572589
r0.95 = 0.572589
r0.96 = 0.572589
r0.97 = 0.572589
r0.98 = 0.859119
r0.99 = 0.859119
r1.00 = 1.000000
rr0 = 0.898265
rr1 = 0.819972
