t0.00 = 129.620000
t0.01 = 0.080748
t0.02 = 0.082430
t0.03 = 0.082430
t0.04 = 0.082430
t0.05 = 0.082430
t0.06 = 0.082430
t0.07 = 0.082430
t0.08 = 0.084184
t0.09 = 0.084184
t0.10 = 0.084184
t0.11 = 0.086014
t0.12 = 0.089924
t0.13 = 0.089924
t0.14 = 0.089924
t0.15 = 0.092129
t0.16 = 0.092129
t0.17 = 0.096012
t0.18 = 0.098413
t0.19 = 0.100936
t0.20 = 0.106392
t0.21 = 0.109347
t0.22 = 0.118904
t0.23 = 0.133585
t0.24 = 0.142267
t0.25 = 0.142267
t0.26 = 0.147173
t0.27 = 0.141331
t0.28 = 0.141161
t0.29 = 0.148046
t0.30 = 0.148046
t0.31 = 0.151480
t0.32 = 0.151480
t0.33 = 0.160668
t0.34 = 0.160668
t0.35 = 0.160668
t0.36 = 0.165591
t0.37 = 0.173871
t0.38 = 0.173871
t0.39 = 0.173871
t0.40 = 0.173871
t0.41 = 0.183022
t0.42 = 0.183022
t0.43 = 0.183022
t0.44 = 0.193190
t0.45 = 0.193190
t0.46 = 0.193190
t0.47 = 0.193190
t0.48 = 0.193190
t0.49 = 0.204554
t0.50 = 0.210394
t0.51 = 0.222629
t0.52 = 0.222629
t0.53 = 0.242500
t0.54 = 0.242500
t0.55 = 0.244294
t0.56 = 0.244294
t0.57 = 0.244294
t0.58 = 0.244294
t0.59 = 0.244294
t0.60 = 0.293223
t0.61 = 0.323294
t0.62 = 0.323294
t0.63 = 0.339133
t0.64 = 0.368568
t0.65 = 0.368568
t0.66 = 0.368568
t0.67 = 0.368568
t0.68 = 0.368568
t0.69 = 0.368568
t0.70 = 0.368568
t0.71 = 0.368568
t0.72 = 0.368568
t0.73 = 0.368568
t0.74 = 0.368568
t0.75 = 0.416667
t0.76 = 0.416667
t0.77 = 0.416667
t0.78 = 0.416667
t0.79 = 0.475458
t0.80 = 0.475458
t0.81 = 0.475458
t0.82 = 0.475458
t0.83 = 0.475458
t0.84 = 0.475458
t0.85 = 0.564103
t0.86 = 0.564103
t0.87 = 0.564103
t0.88 = 0.564103
t0.89 = 0.564103
t0.90 = 0.564103
t0.91 = 0.564103
t0.92 = 0.564103
t0.93 = 0.564103
t0.94 = 0.564103
t0.95 = 0.650590
t0.96 = 0.806777
t0.97 = 0.806777
t0.98 = 0.806777
t0.99 = 0.806777
t1.00 = 1.000000
tr0 = 0.974969
tr1 = 0.638584
r0.00 = 129.620000
r0.01 = 0.080748
r0.02 = 0.082430
r0.03 = 0.082430
r0.04 = 0.082430
r0.05 = 0.082430
r0.06 = 0.082430
r0.07 = 0.082430
r0.08 = 0.084184
r0.09 = 0.084184
r0.10 = 0.084184
r0.11 = 0.086014
r0.12 = 0.089924
r0.13 = 0.089924
r0.14 = 0.089924
r0.15 = 0.092129
r0.16 = 0.092129
r0.17 = 0.096012
r0.18 = 0.098413
r0.19 = 0.100936
r0.20 = 0.106392
r0.21 = 0.109347
r0.22 = 0.118904
r0.23 = 0.133585
r0.24 = 0.142267
r0.25 = 0.142267
r0.26 = 0.147173
r0.27 = 0.141331
r0.28 = 0.141161
r0.29 = 0.148046
r0.30 = 0.148046
r0.31 = 0.151480
r0.32 = 0.151480
r0.33 = 0.160668
r0.34 = 0.160668
r0.35 = 0.160668
r0.36 = 0.165591
r0.37 = 0.173871
r0.38 = 0.173871
r0.39 = 0.173871
r0.40 = 0.173871
r0.41 = 0.183022
r0.42 = 0.183022
r0.43 = 0.183022
r0.44 = 0.193190
r0.45 = 0.193190
r0.46 = 0.193190
r0.47 = 0.193190
r0.48 = 0.193190
r0.49 = 0.204554
r0.50 = 0.210394
r0.51 = 0.222629
r0.52 = 0.222629
r0.53 = 0.242500
r0.54 = 0.242500
r0.55 = 0.244294
r0.56 = 0.244294
r0.57 = 0.244294
r0.58 = 0.244294
r0.59 = 0.244294
r0.60 = 0.293223
r0.61 = 0.323294
r0.62 = 0.323294
r0.63 = 0.339133
r0.64 = 0.368568
r0.65 = 0.368568
r0.66 = 0.368568
r0.67 = 0.368568
r0.68 = 0.368568
r0.69 = 0.368568
r0.70 = 0.368568
r0.71 = 0.368568
r0.72 = 0.368568
r0.73 = 0.368568
r0.74 = 0.368568
r0.75 = 0.416667
r0.76 = 0.416667
r0.77 = 0.416667
r0.78 = 0.416667
r0.79 = 0.475458
r0.80 = 0.475458
r0.81 = 0.475458
r0.82 = 0.475458
r0.83 = 0.475458
r0.84 = 0.475458
r0.85 = 0.564103
r0.86 = 0.564103
r0.87 = 0.564103
r0.88 = 0.564103
r0.89 = 0.564103
r0.90 = 0.564103
r0.91 = 0.564103
r0.92 = 0.564103
r0.93 = 0.564103
r0.94 = 0.564103
r0.95 = 0.650590
r0.96 = 0.806777
r0.97 = 0.806777
r0.98 = 0.806777
r0.99 = 0.806777
r1.00 = 1.000000
rr0 = 0.974969
rr1 = 0.638584
