t0.00 = 0.000000
t0.01 = 0.000033
t0.02 = 0.000085
t0.03 = 0.000085
t0.04 = 0.000085
t0.05 = 0.000085
t0.06 = 0.000275
t0.07 = 0.000744
t0.08 = 0.001186
t0.09 = 0.002489
t0.10 = 0.002489
t0.11 = 0.002489
t0.12 = 0.002895
t0.13 = 0.002895
t0.14 = 0.004038
t0.15 = 0.004168
t0.16 = 0.004711
t0.17 = 0.004711
t0.18 = 0.005560
t0.19 = 0.007287
t0.20 = 0.007287
t0.21 = 0.007287
t0.22 = 0.009167
t0.23 = 0.009167
t0.24 = 0.009548
t0.25 = 0.011525
t0.26 = 0.015337
t0.27 = 0.015337
t0.28 = 0.017207
t0.29 = 0.017207
t0.30 = 0.017207
t0.31 = 0.019623
t0.32 = 0.019623
t0.33 = 0.020713
t0.34 = 0.020713
t0.35 = 0.030334
t0.36 = 0.030334
t0.37 = 0.030334
t0.38 = 0.030334
t0.39 = 0.030334
t0.40 = 0.030334
t0.41 = 0.030334
t0.42 = 0.030334
t0.43 = 0.034397
t0.44 = 0.034397
t0.45 = 0.034397
t0.46 = 0.034397
t0.47 = 0.037043
t0.48 = 0.037043
t0.49 = 0.037043
t0.50 = 0.037043
t0.51 = 0.037043
t0.52 = 0.040129
t0.53 = 0.050077
t0.54 = 0.050077
t0.55 = 0.059926
t0.56 = 0.059926
t0.57 = 0.090816
t0.58 = 0.090816
t0.59 = 0.090816
t0.60 = 0.090816
t0.61 = 0.090816
t0.62 = 0.090816
t0.63 = 0.090816
t0.64 = 0.090816
t0.65 = 0.090816
t0.66 = 0.090816
t0.67 = 0.090816
t0.68 = 0.090816
t0.69 = 0.090816
t0.70 = 0.090816
t0.71 = 0.109701
t0.72 = 0.109701
t0.73 = 0.109701
t0.74 = 0.130522
t0.75 = 0.130522
t0.76 = 0.130522
t0.77 = 0.130522
t0.78 = 0.130522
t0.79 = 0.173843
t0.80 = 0.173843
t0.81 = 0.173843
t0.82 = 0.173843
t0.83 = 0.173843
t0.84 = 0.173843
t0.85 = 0.173843
t0.86 = 0.228772
t0.87 = 0.308348
t0.88 = 0.308348
t0.89 = 0.308348
t0.90 = 0.308348
t0.91 = 0.308348
t0.92 = 0.308348
t0.93 = 0.489264
t0.94 = 0.489264
t0.95 = 0.489264
t0.96 = 0.489264
t0.97 = 0.489264
t0.98 = 0.489264
t0.99 = 0.489264
t1.00 = 1.000000
tr0 = 0.205934
tr1 = 0.772594
r0.00 = 0.000000
r0.01 = 0.000033
r0.02 = 0.000085
r0.03 = 0.000085
r0.04 = 0.000085
r0.05 = 0.000085
r0.06 = 0.000275
r0.07 = 0.000744
r0.08 = 0.001186
r0.09 = 0.002489
r0.10 = 0.002489
r0.11 = 0.002489
r0.12 = 0.002895
r0.13 = 0.002895
r0.14 = 0.004038
r0.15 = 0.004168
r0.16 = 0.004711
r0.17 = 0.004711
r0.18 = 0.005560
r0.19 = 0.007287
r0.20 = 0.007287
r0.21 = 0.007287
r0.22 = 0.009167
r0.23 = 0.009167
r0.24 = 0.009548
r0.25 = 0.011525
r0.26 = 0.015337
r0.27 = 0.015337
r0.28 = 0.017207
r0.29 = 0.017207
r0.30 = 0.017207
r0.31 = 0.019623
r0.32 = 0.019623
r0.33 = 0.020713
r0.34 = 0.020713
r0.35 = 0.030334
r0.36 = 0.030334
r0.37 = 0.030334
r0.38 = 0.030334
r0.39 = 0.030334
r0.40 = 0.030334
r0.41 = 0.030334
r0.42 = 0.030334
r0.43 = 0.034397
r0.44 = 0.034397
r0.45 = 0.034397
r0.46 = 0.034397
r0.47 = 0.037043
r0.48 = 0.037043
r0.49 = 0.037043
r0.50 = 0.037043
r0.51 = 0.037043
r0.52 = 0.040129
r0.53 = 0.050077
r0.54 = 0.050077
r0.55 = 0.059926
r0.56 = 0.059926
r0.57 = 0.090816
r0.58 = 0.090816
r0.59 = 0.090816
r0.60 = 0.090816
r0.61 = 0.090816
r0.62 = 0.090816
r0.63 = 0.090816
r0.64 = 0.090816
r0.65 = 0.090816
r0.66 = 0.090816
r0.67 = 0.090816
r0.68 = 0.090816
r0.69 = 0.090816
r0.70 = 0.090816
r0.71 = 0.109701
r0.72 = 0.109701
r0.73 = 0.109701
r0.74 = 0.130522
r0.75 = 0.130522
r0.76 = 0.130522
r0.77 = 0.130522
r0.78 = 0.130522
r0.79 = 0.173843
r0.80 = 0.173843
r0.81 = 0.173843
r0.82 = 0.173843
r0.83 = 0.173843
r0.84 = 0.173843
r0.85 = 0.173843
r0.86 = 0.228772
r0.87 = 0.308348
r0.88 = 0.308348
r0.89 = 0.308348
r0.90 = 0.308348
r0.91 = 0.308348
r0.92 = 0.308348
r0.93 = 0.489264
r0.94 = 0.489264
r0.95 = 0.489264
r0.96 = 0.489264
r0.97 = 0.489264
r0.98 = 0.489264
r0.99 = 0.489264
r1.00 = 1.000000
rr0 = 0.205934
rr1 = 0.772594
