t0.00 = 572.380000
t0.01 = 0.197853
t0.02 = 0.201975
t0.03 = 0.206272
t0.04 = 0.206272
t0.05 = 0.207347
t0.06 = 0.207347
t0.07 = 0.208190
t0.08 = 0.210243
t0.09 = 0.215132
t0.10 = 0.215132
t0.11 = 0.215132
t0.12 = 0.215132
t0.13 = 0.215414
t0.14 = 0.223334
t0.15 = 0.223334
t0.16 = 0.229211
t0.17 = 0.229211
t0.18 = 0.242499
t0.19 = 0.257196
t0.20 = 0.261020
t0.21 = 0.261020
t0.22 = 0.261020
t0.23 = 0.261020
t0.24 = 0.261020
t0.25 = 0.262086
t0.26 = 0.270822
t0.27 = 0.280161
t0.28 = 0.290166
t0.29 = 0.288944
t0.30 = 0.288944
t0.31 = 0.288944
t0.32 = 0.288944
t0.33 = 0.295523
t0.34 = 0.292060
t0.35 = 0.300916
t0.36 = 0.300916
t0.37 = 0.300916
t0.38 = 0.300916
t0.39 = 0.300916
t0.40 = 0.300916
t0.41 = 0.319864
t0.42 = 0.319864
t0.43 = 0.319864
t0.44 = 0.322849
t0.45 = 0.322849
t0.46 = 0.332731
t0.47 = 0.351986
t0.48 = 0.371048
t0.49 = 0.410543
t0.50 = 0.410543
t0.51 = 0.410543
t0.52 = 0.409186
t0.53 = 0.409186
t0.54 = 0.409186
t0.55 = 0.446385
t0.56 = 0.447425
t0.57 = 0.447425
t0.58 = 0.447425
t0.59 = 0.447425
t0.60 = 0.447425
t0.61 = 0.447425
t0.62 = 0.447425
t0.63 = 0.458860
t0.64 = 0.458860
t0.65 = 0.458860
t0.66 = 0.500381
t0.67 = 0.500381
t0.68 = 0.500381
t0.69 = 0.500381
t0.70 = 0.500381
t0.71 = 0.500381
t0.72 = 0.517083
t0.73 = 0.528286
t0.74 = 0.528286
t0.75 = 0.528286
t0.76 = 0.528286
t0.77 = 0.528286
t0.78 = 0.528286
t0.79 = 0.528286
t0.80 = 0.584621
t0.81 = 0.619326
t0.82 = 0.619326
t0.83 = 0.619326
t0.84 = 0.695122
t0.85 = 0.695122
t0.86 = 0.695122
t0.87 = 0.695122
t0.88 = 0.695122
t0.89 = 0.695122
t0.90 = 0.695122
t0.91 = 0.695122
t0.92 = 0.695122
t0.93 = 0.695122
t0.94 = 0.821138
t0.95 = 0.821138
t0.96 = 0.821138
t0.97 = 0.821138
t0.98 = 0.821138
t0.99 = 0.821138
t1.00 = 1.000000
tr0 = 0.994919
tr1 = 0.647358
r0.00 = 572.380000
r0.01 = 0.197853
r0.02 = 0.201975
r0.03 = 0.206272
r0.04 = 0.206272
r0.05 = 0.207347
r0.06 = 0.207347
r0.07 = 0.208190
r0.08 = 0.210243
r0.09 = 0.215132
r0.10 = 0.215132
r0.11 = 0.215132
r0.12 = 0.215132
r0.13 = 0.215414
r0.14 = 0.223334
r0.15 = 0.223334
r0.16 = 0.229211
r0.17 = 0.229211
r0.18 = 0.242499
r0.19 = 0.257196
r0.20 = 0.261020
r0.21 = 0.261020
r0.22 = 0.261020
r0.23 = 0.261020
r0.24 = 0.261020
r0.25 = 0.262086
r0.26 = 0.270822
r0.27 = 0.280161
r0.28 = 0.290166
r0.29 = 0.288944
r0.30 = 0.288944
r0.31 = 0.288944
r0.32 = 0.288944
r0.33 = 0.295523
r0.34 = 0.292060
r0.35 = 0.300916
r0.36 = 0.300916
r0.37 = 0.300916
r0.38 = 0.300916
r0.39 = 0.300916
r0.40 = 0.300916
r0.41 = 0.319864
r0.42 = 0.319864
r0.43 = 0.319864
r0.44 = 0.322849
r0.45 = 0.322849
r0.46 = 0.332731
r0.47 = 0.351986
r0.48 = 0.371048
r0.49 = 0.410543
r0.50 = 0.410543
r0.51 = 0.410543
r0.52 = 0.409186
r0.53 = 0.409186
r0.54 = 0.409186
r0.55 = 0.446385
r0.56 = 0.447425
r0.57 = 0.447425
r0.58 = 0.447425
r0.59 = 0.447425
r0.60 = 0.447425
r0.61 = 0.447425
r0.62 = 0.447425
r0.63 = 0.458860
r0.64 = 0.458860
r0.65 = 0.458860
r0.66 = 0.500381
r0.67 = 0.500381
r0.68 = 0.500381
r0.69 = 0.500381
r0.70 = 0.500381
r0.71 = 0.500381
r0.72 = 0.517083
r0.73 = 0.528286
r0.74 = 0.528286
r0.75 = 0.528286
r0.76 = 0.528286
r0.77 = 0.528286
r0.78 = 0.528286
r0.79 = 0.528286
r0.80 = 0.584621
r0.81 = 0.619326
r0.82 = 0.619326
r0.83 = 0.619326
r0.84 = 0.695122
r0.85 = 0.695122
r0.86 = 0.695122
r0.87 = 0.695122
r0.88 = 0.695122
r0.89 = 0.695122
r0.90 = 0.695122
r0.91 = 0.695122
r0.92 = 0.695122
r0.93 = 0.695122
r0.94 = 0.821138
r0.95 = 0.821138
r0.96 = 0.821138
r0.97 = 0.821138
r0.98 = 0.821138
r0.99 = 0.821138
r1.00 = 1.000000
rr0 = 0.994919
rr1 = 0.647358
