t0.00 = 3.040000
t0.01 = 0.000703
t0.02 = 0.000703
t0.03 = 0.000801
t0.04 = 0.000836
t0.05 = 0.001066
t0.06 = 0.001303
t0.07 = 0.002163
t0.08 = 0.002163
t0.09 = 0.002590
t0.10 = 0.003094
t0.11 = 0.003467
t0.12 = 0.003862
t0.13 = 0.004621
t0.14 = 0.004919
t0.15 = 0.005083
t0.16 = 0.005751
t0.17 = 0.011708
t0.18 = 0.011708
t0.19 = 0.012969
t0.20 = 0.013804
t0.21 = 0.013804
t0.22 = 0.016959
t0.23 = 0.019832
t0.24 = 0.019832
t0.25 = 0.020934
t0.26 = 0.024511
t0.27 = 0.024511
t0.28 = 0.027442
t0.29 = 0.027442
t0.30 = 0.032462
t0.31 = 0.032462
t0.32 = 0.032462
t0.33 = 0.036007
t0.34 = 0.036007
t0.35 = 0.036007
t0.36 = 0.047745
t0.37 = 0.047745
t0.38 = 0.047745
t0.39 = 0.047745
t0.40 = 0.055246
t0.41 = 0.065566
t0.42 = 0.065566
t0.43 = 0.065566
t0.44 = 0.065566
t0.45 = 0.065566
t0.46 = 0.065566
t0.47 = 0.065566
t0.48 = 0.065566
t0.49 = 0.065566
t0.50 = 0.065566
t0.51 = 0.065566
t0.52 = 0.083820
t0.53 = 0.083820
t0.54 = 0.083820
t0.55 = 0.083820
t0.56 = 0.083820
t0.57 = 0.104509
t0.58 = 0.104509
t0.59 = 0.104509
t0.60 = 0.104509
t0.61 = 0.104509
t0.62 = 0.126325
t0.63 = 0.160978
t0.64 = 0.160978
t0.65 = 0.160978
t0.66 = 0.160978
t0.67 = 0.160978
t0.68 = 0.160978
t0.69 = 0.211443
t0.70 = 0.211443
t0.71 = 0.211443
t0.72 = 0.211443
t0.73 = 0.211443
t0.74 = 0.211443
t0.75 = 0.211443
t0.76 = 0.211443
t0.77 = 0.211443
t0.78 = 0.313649
t0.79 = 0.481938
t0.80 = 0.481938
t0.81 = 0.481938
t0.82 = 0.481938
t0.83 = 0.481938
t0.84 = 0.481938
t0.85 = 0.481938
t0.86 = 0.481938
t0.87 = 0.481938
t0.88 = 0.481938
t0.89 = 0.481938
t0.90 = 0.481938
t0.91 = 0.481938
t0.92 = 0.481938
t0.93 = 0.481938
t0.94 = 0.481938
t0.95 = 0.481938
t0.96 = 0.481938
t0.97 = 0.481938
t0.98 = 0.481938
t0.99 = 0.481938
t1.00 = 1.000000
tr0 = 0.633571
tr1 = 0.330305
r0.00 = 3.040000
r0.01 = 0.000703
r0.02 = 0.000703
r0.03 = 0.000801
r0.04 = 0.000836
r0.05 = 0.001066
r0.06 = 0.001303
r0.07 = 0.002163
r0.08 = 0.002163
r0.09 = 0.002590
r0.10 = 0.003094
r0.11 = 0.003467
r0.12 = 0.003862
r0.13 = 0.004621
r0.14 = 0.004919
r0.15 = 0.005083
r0.16 = 0.005751
r0.17 = 0.011708
r0.18 = 0.011708
r0.19 = 0.012969
r0.20 = 0.013804
r0.21 = 0.013804
r0.22 = 0.016959
r0.23 = 0.019832
r0.24 = 0.019832
r0.25 = 0.020934
r0.26 = 0.024511
r0.27 = 0.024511
r0.28 = 0.027442
r0.29 = 0.027442
r0.30 = 0.032462
r0.31 = 0.032462
r0.32 = 0.032462
r0.33 = 0.036007
r0.34 = 0.036007
r0.35 = 0.036007
r0.36 = 0.047745
r0.37 = 0.047745
r0.38 = 0.047745
r0.39 = 0.047745
r0.40 = 0.055246
r0.41 = 0.065566
r0.42 = 0.065566
r0.43 = 0.065566
r0.44 = 0.065566
r0.45 = 0.065566
r0.46 = 0.065566
r0.47 = 0.065566
r0.48 = 0.065566
r0.49 = 0.065566
r0.50 = 0.065566
r0.51 = 0.065566
r0.52 = 0.083820
r0.53 = 0.083820
r0.54 = 0.083820
r0.55 = 0.083820
r0.56 = 0.083820
r0.57 = 0.104509
r0.58 = 0.104509
r0.59 = 0.104509
r0.60 = 0.104509
r0.61 = 0.104509
r0.62 = 0.126325
r0.63 = 0.160978
r0.64 = 0.160978
r0.65 = 0.160978
r0.66 = 0.160978
r0.67 = 0.160978
r0.68 = 0.160978
r0.69 = 0.211443
r0.70 = 0.211443
r0.71 = 0.211443
r0.72 = 0.211443
r0.73 = 0.211443
r0.74 = 0.211443
r0.75 = 0.211443
r0.76 = 0.211443
r0.77 = 0.211443
r0.78 = 0.313649
r0.79 = 0.481938
r0.80 = 0.481938
r0.81 = 0.481938
r0.82 = 0.481938
r0.83 = 0.481938
r0.84 = 0.481938
r0.85 = 0.481938
r0.86 = 0.481938
r0.87 = 0.481938
r0.88 = 0.481938
r0.89 = 0.481938
r0.90 = 0.481938
r0.91 = 0.481938
r0.92 = 0.481938
r0.93 = 0.481938
r0.94 = 0.481938
r0.95 = 0.481938
r0.96 = 0.481938
r0.97 = 0.481938
r0.98 = 0.481938
r0.99 = 0.481938
r1.00 = 1.000000
rr0 = 0.633571
rr1 = 0.330305
