t0.00 = 464.160000
t0.01 = 0.164188
t0.02 = 0.160746
t0.03 = 0.170922
t0.04 = 0.174720
t0.05 = 0.174776
t0.06 = 0.178384
t0.07 = 0.181040
t0.08 = 0.181040
t0.09 = 0.194495
t0.10 = 0.194495
t0.11 = 0.203062
t0.12 = 0.224067
t0.13 = 0.224067
t0.14 = 0.231635
t0.15 = 0.235951
t0.16 = 0.244378
t0.17 = 0.249538
t0.18 = 0.249538
t0.19 = 0.260075
t0.20 = 0.260075
t0.21 = 0.268016
t0.22 = 0.304563
t0.23 = 0.304563
t0.24 = 0.310425
t0.25 = 0.310425
t0.26 = 0.310425
t0.27 = 0.320110
t0.28 = 0.320110
t0.29 = 0.320110
t0.30 = 0.320110
t0.31 = 0.336958
t0.32 = 0.355677
t0.33 = 0.384661
t0.34 = 0.406627
t0.35 = 0.406627
t0.36 = 0.405579
t0.37 = 0.405579
t0.38 = 0.405579
t0.39 = 0.405579
t0.40 = 0.417676
t0.41 = 0.417676
t0.42 = 0.433528
t0.43 = 0.472940
t0.44 = 0.472940
t0.45 = 0.510824
t0.46 = 0.510824
t0.47 = 0.510824
t0.48 = 0.510824
t0.49 = 0.510824
t0.50 = 0.510824
t0.51 = 0.510824
t0.52 = 0.510824
t0.53 = 0.507723
t0.54 = 0.507723
t0.55 = 0.487354
t0.56 = 0.528273
t0.57 = 0.528273
t0.58 = 0.528273
t0.59 = 0.528273
t0.60 = 0.528273
t0.61 = 0.528273
t0.62 = 0.528273
t0.63 = 0.528273
t0.64 = 0.528273
t0.65 = 0.528273
t0.66 = 0.528273
t0.67 = 0.528273
t0.68 = 0.571100
t0.69 = 0.571100
t0.70 = 0.571100
t0.71 = 0.571100
t0.72 = 0.584365
t0.73 = 0.584365
t0.74 = 0.584365
t0.75 = 0.584365
t0.76 = 0.584365
t0.77 = 0.584365
t0.78 = 0.637160
t0.79 = 0.637160
t0.80 = 0.637160
t0.81 = 0.637160
t0.82 = 0.637160
t0.83 = 0.637160
t0.84 = 0.637160
t0.85 = 0.637160
t0.86 = 0.637160
t0.87 = 0.837283
t0.88 = 0.837283
t0.89 = 0.837283
t0.90 = 0.837283
t0.91 = 0.837283
t0.92 = 0.837283
t0.93 = 0.837283
t0.94 = 0.870888
t0.95 = 0.870888
t0.96 = 0.870888
t0.97 = 0.870888
t0.98 = 0.870888
t0.99 = 0.870888
t1.00 = 1.000000
tr0 = 0.824549
tr1 = 0.917227
r0.00 = 464.160000
r0.01 = 0.164188
r0.02 = 0.160746
r0.03 = 0.170922
r0.04 = 0.174720
r0.05 = 0.174776
r0.06 = 0.178384
r0.07 = 0.181040
r0.08 = 0.181040
r0.09 = 0.194495
r0.10 = 0.194495
r0.11 = 0.203062
r0.12 = 0.224067
r0.13 = 0.224067
r0.14 = 0.231635
r0.15 = 0.235951
r0.16 = 0.244378
r0.17 = 0.249538
r0.18 = 0.249538
r0.19 = 0.260075
r0.20 = 0.260075
r0.21 = 0.268016
r0.22 = 0.304563
r0.23 = 0.304563
r0.24 = 0.310425
r0.25 = 0.310425
r0.26 = 0.310425
r0.27 = 0.320110
r0.28 = 0.320110
r0.29 = 0.320110
r0.30 = 0.320110
r0.31 = 0.336958
r0.32 = 0.355677
r0.33 = 0.384661
r0.34 = 0.406627
r0.35 = 0.406627
r0.36 = 0.405579
r0.37 = 0.405579
r0.38 = 0.405579
r0.39 = 0.405579
r0.40 = 0.417676
r0.41 = 0.417676
r0.42 = 0.433528
r0.43 = 0.472940
r0.44 = 0.472940
r0.45 = 0.510824
r0.46 = 0.510824
r0.47 = 0.510824
r0.48 = 0.510824
r0.49 = 0.510824
r0.50 = 0.510824
r0.51 = 0.510824
r0.52 = 0.510824
r0.53 = 0.507723
r0.54 = 0.507723
r0.55 = 0.487354
r0.56 = 0.528273
r0.57 = 0.528273
r0.58 = 0.528273
r0.59 = 0.528273
r0.60 = 0.528273
r0.61 = 0.528273
r0.62 = 0.528273
r0.63 = 0.528273
r0.64 = 0.528273
r0.65 = 0.528273
r0.66 = 0.528273
r0.67 = 0.528273
r0.68 = 0.571100
r0.69 = 0.571100
r0.70 = 0.571100
r0.71 = 0.571100
r0.72 = 0.584365
r0.73 = 0.584365
r0.74 = 0.584365
r0.75 = 0.584365
r0.76 = 0.584365
r0.77 = 0.584365
r0.78 = 0.637160
r0.79 = 0.637160
r0.80 = 0.637160
r0.81 = 0.637160
r0.82 = 0.637160
r0.83 = 0.637160
r0.84 = 0.637160
r0.85 = 0.637160
r0.86 = 0.637160
r0.87 = 0.837283
r0.88 = 0.837283
r0.89 = 0.837283
r0.90 = 0.837283
r0.91 = 0.837283
r0.92 = 0.837283
r0.93 = 0.837283
r0.94 = 0.870888
r0.95 = 0.870888
r0.96 = 0.870888
r0.97 = 0.870888
r0.98 = 0.870888
r0.99 = 0.870888
r1.00 = 1.000000
rr0 = 0.824549
rr1 = 0.917227
