t0.00 = 173.580000
t0.01 = 0.068609
t0.02 = 0.071467
t0.03 = 0.074575
t0.04 = 0.080192
t0.05 = 0.080192
t0.06 = 0.080192
t0.07 = 0.084011
t0.08 = 0.083804
t0.09 = 0.083804
t0.10 = 0.086749
t0.11 = 0.088973
t0.12 = 0.088973
t0.13 = 0.088973
t0.14 = 0.088973
t0.15 = 0.096388
t0.16 = 0.099142
t0.17 = 0.110301
t0.18 = 0.110301
t0.19 = 0.110301
t0.20 = 0.119899
t0.21 = 0.127892
t0.22 = 0.127892
t0.23 = 0.137027
t0.24 = 0.137027
t0.25 = 0.142102
t0.26 = 0.142102
t0.27 = 0.153470
t0.28 = 0.153470
t0.29 = 0.153470
t0.30 = 0.153470
t0.31 = 0.155748
t0.32 = 0.155748
t0.33 = 0.162519
t0.34 = 0.174847
t0.35 = 0.183173
t0.36 = 0.183173
t0.37 = 0.191186
t0.38 = 0.201248
t0.39 = 0.201248
t0.40 = 0.204480
t0.41 = 0.204480
t0.42 = 0.216508
t0.43 = 0.216508
t0.44 = 0.216428
t0.45 = 0.216428
t0.46 = 0.237069
t0.47 = 0.255306
t0.48 = 0.262121
t0.49 = 0.262121
t0.50 = 0.262121
t0.51 = 0.262121
t0.52 = 0.262121
t0.53 = 0.262121
t0.54 = 0.262121
t0.55 = 0.272368
t0.56 = 0.272368
t0.57 = 0.279289
t0.58 = 0.274045
t0.59 = 0.274045
t0.60 = 0.274045
t0.61 = 0.274045
t0.62 = 0.274045
t0.63 = 0.274045
t0.64 = 0.274045
t0.65 = 0.281077
t0.66 = 0.281077
t0.67 = 0.281077
t0.68 = 0.281077
t0.69 = 0.281077
t0.70 = 0.281077
t0.71 = 0.281077
t0.72 = 0.281077
t0.73 = 0.281077
t0.74 = 0.281077
t0.75 = 0.281077
t0.76 = 0.281077
t0.77 = 0.281077
t0.78 = 0.281077
t0.79 = 0.281077
t0.80 = 0.281077
t0.81 = 0.321231
t0.82 = 0.321231
t0.83 = 0.375099
t0.84 = 0.375099
t0.85 = 0.375099
t0.86 = 0.375099
t0.87 = 0.375099
t0.88 = 0.402292
t0.89 = 0.402292
t0.90 = 0.402292
t0.91 = 0.402292
t0.92 = 0.755731
t0.93 = 0.755731
t0.94 = 0.755731
t0.95 = 0.755731
t0.96 = 0.755731
t0.97 = 0.755731
t0.98 = 0.755731
t0.99 = 0.755731
t1.00 = 1.000000
tr0 = 0.635573
tr1 = 0.875889
r0.00 = 173.580000
r0.01 = 0.068609
r0.02 = 0.071467
r0.03 = 0.074575
r0.04 = 0.080192
r0.05 = 0.080192
r0.06 = 0.080192
r0.07 = 0.084011
r0.08 = 0.083804
r0.09 = 0.083804
r0.10 = 0.086749
r0.11 = 0.088973
r0.12 = 0.088973
r0.13 = 0.088973
r0.14 = 0.088973
r0.15 = 0.096388
r0.16 = 0.099142
r0.17 = 0.110301
r0.18 = 0.110301
r0.19 = 0.110301
r0.20 = 0.119899
r0.21 = 0.127892
r0.22 = 0.127892
r0.23 = 0.137027
r0.24 = 0.137027
r0.25 = 0.142102
r0.26 = 0.142102
r0.27 = 0.153470
r0.28 = 0.153470
r0.29 = 0.153470
r0.30 = 0.153470
r0.31 = 0.155748
r0.32 = 0.155748
r0.33 = 0.162519
r0.34 = 0.174847
r0.35 = 0.183173
r0.36 = 0.183173
r0.37 = 0.191186
r0.38 = 0.201248
r0.39 = 0.201248
r0.40 = 0.204480
r0.41 = 0.204480
r0.42 = 0.216508
r0.43 = 0.216508
r0.44 = 0.216428
r0.45 = 0.216428
r0.46 = 0.237069
r0.47 = 0.255306
r0.48 = 0.262121
r0.49 = 0.262121
r0.50 = 0.262121
r0.51 = 0.262121
r0.52 = 0.262121
r0.53 = 0.262121
r0.54 = 0.262121
r0.55 = 0.272368
r0.56 = 0.272368
r0.57 = 0.279289
r0.58 = 0.274045
r0.59 = 0.274045
r0.60 = 0.274045
r0.61 = 0.274045
r0.62 = 0.274045
r0.63 = 0.274045
r0.64 = 0.274045
r0.65 = 0.281077
r0.66 = 0.281077
r0.67 = 0.281077
r0.68 = 0.281077
r0.69 = 0.281077
r0.70 = 0.281077
r0.71 = 0.281077
r0.72 = 0.281077
r0.73 = 0.281077
r0.74 = 0.281077
r0.75 = 0.281077
r0.76 = 0.281077
r0.77 = 0.281077
r0.78 = 0.281077
r0.79 = 0.281077
r0.80 = 0.281077
r0.81 = 0.321231
r0.82 = 0.321231
r0.83 = 0.375099
r0.84 = 0.375099
r0.85 = 0.375099
r0.86 = 0.375099
r0.87 = 0.375099
r0.88 = 0.402292
r0.89 = 0.402292
r0.90 = 0.402292
r0.91 = 0.402292
r0.92 = 0.755731
r0.93 = 0.755731
r0.94 = 0.755731
r0.95 = 0.755731
r0.96 = 0.755731
r0.97 = 0.755731
r0.98 = 0.755731
r0.99 = 0.755731
r1.00 = 1.000000
rr0 = 0.635573
rr1 = 0.875889
