t0.00 = 235.380000
t0.01 = 0.094954
t0.02 = 0.101067
t0.03 = 0.098941
t0.04 = 0.098941
t0.05 = 0.104015
t0.06 = 0.106752
t0.07 = 0.112682
t0.08 = 0.109931
t0.09 = 0.117419
t0.10 = 0.123240
t0.11 = 0.123240
t0.12 = 0.127348
t0.13 = 0.127348
t0.14 = 0.132498
t0.15 = 0.132498
t0.16 = 0.137054
t0.17 = 0.137054
t0.18 = 0.137054
t0.19 = 0.137054
t0.20 = 0.142130
t0.21 = 0.155550
t0.22 = 0.155550
t0.23 = 0.155550
t0.24 = 0.155550
t0.25 = 0.155550
t0.26 = 0.155550
t0.27 = 0.162032
t0.28 = 0.169077
t0.29 = 0.169077
t0.30 = 0.185179
t0.31 = 0.194438
t0.32 = 0.230336
t0.33 = 0.230336
t0.34 = 0.230336
t0.35 = 0.230336
t0.36 = 0.230336
t0.37 = 0.230336
t0.38 = 0.229001
t0.39 = 0.229001
t0.40 = 0.229001
t0.41 = 0.229001
t0.42 = 0.235628
t0.43 = 0.235628
t0.44 = 0.235628
t0.45 = 0.253753
t0.46 = 0.274899
t0.47 = 0.274899
t0.48 = 0.274899
t0.49 = 0.304549
t0.50 = 0.303683
t0.51 = 0.303683
t0.52 = 0.303683
t0.53 = 0.303683
t0.54 = 0.303683
t0.55 = 0.336323
t0.56 = 0.336323
t0.57 = 0.336323
t0.58 = 0.336323
t0.59 = 0.391528
t0.60 = 0.391528
t0.61 = 0.391528
t0.62 = 0.391528
t0.63 = 0.456783
t0.64 = 0.456783
t0.65 = 0.456783
t0.66 = 0.456783
t0.67 = 0.456783
t0.68 = 0.456783
t0.69 = 0.553455
t0.70 = 0.553455
t0.71 = 0.553455
t0.72 = 0.553455
t0.73 = 0.553455
t0.74 = 0.553455
t0.75 = 0.553455
t0.76 = 0.553455
t0.77 = 0.598045
t0.78 = 0.598045
t0.79 = 0.598045
t0.80 = 0.598045
t0.81 = 0.598045
t0.82 = 0.598045
t0.83 = 0.647304
t0.84 = 0.751139
t0.85 = 0.751139
t0.86 = 0.751139
t0.87 = 0.751139
t0.88 = 0.751139
t0.89 = 0.751139
t0.90 = 0.751139
t0.91 = 0.751139
t0.92 = 0.751139
t0.93 = 0.751139
t0.94 = 0.751139
t0.95 = 0.751139
t0.96 = 0.751139
t0.97 = 0.751139
t0.98 = 0.751139
t0.99 = 0.751139
t1.00 = 1.000000
tr0 = 0.521260
tr1 = 0.981017
r0.00 = 235.380000
r0.01 = 0.094954
r0.02 = 0.101067
r0.03 = 0.098941
r0.04 = 0.098941
r0.05 = 0.104015
r0.06 = 0.106752
r0.07 = 0.112682
r0.08 = 0.109931
r0.09 = 0.117419
r0.10 = 0.123240
r0.11 = 0.123240
r0.12 = 0.127348
r0.13 = 0.127348
r0.14 = 0.132498
r0.15 = 0.132498
r0.16 = 0.137054
r0.17 = 0.137054
r0.18 = 0.137054
r0.19 = 0.137054
r0.20 = 0.142130
r0.21 = 0.155550
r0.22 = 0.155550
r0.23 = 0.155550
r0.24 = 0.155550
r0.25 = 0.155550
r0.26 = 0.155550
r0.27 = 0.162032
r0.28 = 0.169077
r0.29 = 0.169077
r0.30 = 0.185179
r0.31 = 0.194438
r0.32 = 0.230336
r0.33 = 0.230336
r0.34 = 0.230336
r0.35 = 0.230336
r0.36 = 0.230336
r0.37 = 0.230336
r0.38 = 0.229001
r0.39 = 0.229001
r0.40 = 0.229001
r0.41 = 0.229001
r0.42 = 0.235628
r0.43 = 0.235628
r0.44 = 0.235628
r0.45 = 0.253753
r0.46 = 0.274899
r0.47 = 0.274899
r0.48 = 0.274899
r0.49 = 0.304549
r0.50 = 0.303683
r0.51 = 0.303683
r0.52 = 0.303683
r0.53 = 0.303683
r0.54 = 0.303683
r0.55 = 0.336323
r0.56 = 0.336323
r0.57 = 0.336323
r0.58 = 0.336323
r0.59 = 0.391528
r0.60 = 0.391528
r0.61 = 0.391528
r0.62 = 0.391528
r0.63 = 0.456783
r0.64 = 0.456783
r0.65 = 0.456783
r0.66 = 0.456783
r0.67 = 0.456783
r0.68 = 0.456783
r0.69 = 0.553455
r0.70 = 0.553455
r0.71 = 0.553455
r0.72 = 0.553455
r0.73 = 0.553455
r0.74 = 0.553455
r0.75 = 0.553455
r0.76 = 0.553455
r0.77 = 0.598045
r0.78 = 0.598045
r0.79 = 0.598045
r0.80 = 0.598045
r0.81 = 0.598045
r0.82 = 0.598045
r0.83 = 0.647304
r0.84 = 0.751139
r0.85 = 0.751139
r0.86 = 0.751139
r0.87 = 0.751139
r0.88 = 0.751139
r0.89 = 0.751139
r0.90 = 0.751139
r0.91 = 0.751139
r0.92 = 0.751139
r0.93 = 0.751139
r0.94 = 0.751139
r0.95 = 0.751139
r0.96 = 0.751139
r0.97 = 0.751139
r0.98 = 0.751139
r0.99 = 0.751139
r1.00 = 1.000000
rr0 = 0.521260
rr1 = 0.981017
