t0.00 = 487.920000
t0.01 = 0.213133
t0.02 = 0.220044
t0.03 = 0.229922
t0.04 = 0.226570
t0.05 = 0.220058
t0.06 = 0.229564
t0.07 = 0.238576
t0.08 = 0.238576
t0.09 = 0.245806
t0.10 = 0.245806
t0.11 = 0.245806
t0.12 = 0.253487
t0.13 = 0.253487
t0.14 = 0.250195
t0.15 = 0.250195
t0.16 = 0.258535
t0.17 = 0.262652
t0.18 = 0.282856
t0.19 = 0.282856
t0.20 = 0.282856
t0.21 = 0.306428
t0.22 = 0.319105
t0.23 = 0.319105
t0.24 = 0.319105
t0.25 = 0.319105
t0.26 = 0.319105
t0.27 = 0.312608
t0.28 = 0.319809
t0.29 = 0.319809
t0.30 = 0.319809
t0.31 = 0.337576
t0.32 = 0.357433
t0.33 = 0.357433
t0.34 = 0.357433
t0.35 = 0.379773
t0.36 = 0.410267
t0.37 = 0.410267
t0.38 = 0.410267
t0.39 = 0.445694
t0.40 = 0.444829
t0.41 = 0.496047
t0.42 = 0.496047
t0.43 = 0.545651
t0.44 = 0.562250
t0.45 = 0.562250
t0.46 = 0.562250
t0.47 = 0.562250
t0.48 = 0.562250
t0.49 = 0.562250
t0.50 = 0.562250
t0.51 = 0.569633
t0.52 = 0.569633
t0.53 = 0.591490
t0.54 = 0.591490
t0.55 = 0.591490
t0.56 = 0.591490
t0.57 = 0.591490
t0.58 = 0.591490
t0.59 = 0.591490
t0.60 = 0.591490
t0.61 = 0.591490
t0.62 = 0.591490
t0.63 = 0.591490
t0.64 = 0.591490
t0.65 = 0.591490
t0.66 = 0.591490
t0.67 = 0.591490
t0.68 = 0.591490
t0.69 = 0.591490
t0.70 = 0.591490
t0.71 = 0.591490
t0.72 = 0.591490
t0.73 = 0.591490
t0.74 = 0.591490
t0.75 = 0.591490
t0.76 = 0.591490
t0.77 = 0.606633
t0.78 = 0.606633
t0.79 = 0.606633
t0.80 = 0.606633
t0.81 = 0.606633
t0.82 = 0.606633
t0.83 = 0.606633
t0.84 = 0.606633
t0.85 = 0.606633
t0.86 = 0.645651
t0.87 = 0.669495
t0.88 = 0.669495
t0.89 = 0.669495
t0.90 = 0.669495
t0.91 = 0.669495
t0.92 = 0.715316
t0.93 = 0.715316
t0.94 = 0.822656
t0.95 = 0.822656
t0.96 = 0.822656
t0.97 = 0.822656
t0.98 = 0.822656
t0.99 = 0.822656
t1.00 = 1.000000
tr0 = 0.650827
tr1 = 0.994485
r0.00 = 487.920000
r0.01 = 0.213133
r0.02 = 0.220044
r0.03 = 0.229922
r0.04 = 0.226570
r0.05 = 0.220058
r0.06 = 0.229564
r0.07 = 0.238576
r0.08 = 0.238576
r0.09 = 0.245806
r0.10 = 0.245806
r0.11 = 0.245806
r0.12 = 0.253487
r0.13 = 0.253487
r0.14 = 0.250195
r0.15 = 0.250195
r0.16 = 0.258535
r0.17 = 0.262652
r0.18 = 0.282856
r0.19 = 0.282856
r0.20 = 0.282856
r0.21 = 0.306428
r0.22 = 0.319105
r0.23 = 0.319105
r0.24 = 0.319105
r0.25 = 0.319105
r0.26 = 0.319105
r0.27 = 0.312608
r0.28 = 0.319809
r0.29 = 0.319809
r0.30 = 0.319809
r0.31 = 0.337576
r0.32 = 0.357433
r0.33 = 0.357433
r0.34 = 0.357433
r0.35 = 0.379773
r0.36 = 0.410267
r0.37 = 0.410267
r0.38 = 0.410267
r0.39 = 0.445694
r0.40 = 0.444829
r0.41 = 0.496047
r0.42 = 0.496047
r0.43 = 0.545651
r0.44 = 0.562250
r0.45 = 0.562250
r0.46 = 0.562250
r0.47 = 0.562250
r0.48 = 0.562250
r0.49 = 0.562250
r0.50 = 0.562250
r0.51 = 0.569633
r0.52 = 0.569633
r0.53 = 0.591490
r0.54 = 0.591490
r0.55 = 0.591490
r0.56 = 0.591490
r0.57 = 0.591490
r0.58 = 0.591490
r0.59 = 0.591490
r0.60 = 0.591490
r0.61 = 0.591490
r0.62 = 0.591490
r0.63 = 0.591490
r0.64 = 0.591490
r0.65 = 0.591490
r0.66 = 0.591490
r0.67 = 0.591490
r0.68 = 0.591490
r0.69 = 0.591490
r0.70 = 0.591490
r0.71 = 0.591490
r0.72 = 0.591490
r0.73 = 0.591490
r0.74 = 0.591490
r0.75 = 0.591490
r0.76 = 0.591490
r0.77 = 0.606633
r0.78 = 0.606633
r0.79 = 0.606633
r0.80 = 0.606633
r0.81 = 0.606633
r0.82 = 0.606633
r0.83 = 0.606633
r0.84 = 0.606633
r0.85 = 0.606633
r0.86 = 0.645651
r0.87 = 0.669495
r0.88 = 0.669495
r0.89 = 0.669495
r0.90 = 0.669495
r0.91 = 0.669495
r0.92 = 0.715316
r0.93 = 0.715316
r0.94 = 0.822656
r0.95 = 0.822656
r0.96 = 0.822656
r0.97 = 0.822656
r0.98 = 0.822656
r0.99 = 0.822656
r1.00 = 1.000000
rr0 = 0.650827
rr1 = 0.994485
