t0.00 = 1.877551
t0.01 = 0.003234
t0.02 = 0.009694
t0.03 = 0.030943
t0.04 = 0.038365
t0.05 = 0.049322
t0.06 = 0.058648
t0.07 = 0.060742
t0.08 = 0.067489
t0.09 = 0.079951
t0.10 = 0.079951
t0.11 = 0.095176
t0.12 = 0.099182
t0.13 = 0.105731
t0.14 = 0.105731
t0.15 = 0.109579
t0.16 = 0.126612
t0.17 = 0.135131
t0.18 = 0.135131
t0.19 = 0.135131
t0.20 = 0.137781
t0.21 = 0.145245
t0.22 = 0.150183
t0.23 = 0.159139
t0.24 = 0.159139
t0.25 = 0.174294
t0.26 = 0.197192
t0.27 = 0.197192
t0.28 = 0.224195
t0.29 = 0.224195
t0.30 = 0.224195
t0.31 = 0.258659
t0.32 = 0.258659
t0.33 = 0.258659
t0.34 = 0.283031
t0.35 = 0.283031
t0.36 = 0.283031
t0.37 = 0.283031
t0.38 = 0.283031
t0.39 = 0.283031
t0.40 = 0.283031
t0.41 = 0.283031
t0.42 = 0.283031
t0.43 = 0.339637
t0.44 = 0.339637
t0.45 = 0.339637
t0.46 = 0.339637
t0.47 = 0.339637
t0.48 = 0.339637
t0.49 = 0.339637
t0.50 = 0.339637
t0.51 = 0.339637
t0.52 = 0.339637
t0.53 = 0.339637
t0.54 = 0.339637
t0.55 = 0.339637
t0.56 = 0.339637
t0.57 = 0.339637
t0.58 = 0.339637
t0.59 = 0.339637
t0.60 = 0.339637
t0.61 = 0.339637
t0.62 = 0.395722
t0.63 = 0.395722
t0.64 = 0.395722
t0.65 = 0.395722
t0.66 = 0.395722
t0.67 = 0.395722
t0.68 = 0.395722
t0.69 = 0.395722
t0.70 = 0.395722
t0.71 = 0.395722
t0.72 = 0.395722
t0.73 = 0.395722
t0.74 = 0.479465
t0.75 = 0.479465
t0.76 = 0.479465
t0.77 = 0.479465
t0.78 = 0.479465
t0.79 = 0.479465
t0.80 = 0.479465
t0.81 = 0.479465
t0.82 = 0.479465
t0.83 = 0.479465
t0.84 = 0.479465
t0.85 = 0.479465
t0.86 = 0.479465
t0.87 = 0.479465
t0.88 = 0.479465
t0.89 = 0.479465
t0.90 = 0.479465
t0.91 = 0.479465
t0.92 = 0.591213
t0.93 = 0.591213
t0.94 = 0.591213
t0.95 = 0.591213
t0.96 = 0.591213
t0.97 = 0.591213
t0.98 = 0.591213
t0.99 = 0.591213
t1.00 = 0.752627
tr0 = 0.493655
tr1 = 0.688771
r0.00 = 2.494665
r0.01 = 0.004297
r0.02 = 0.012880
r0.03 = 0.041114
r0.04 = 0.050975
r0.05 = 0.065534
r0.06 = 0.077924
r0.07 = 0.080707
r0.08 = 0.089672
r0.09 = 0.106229
r0.10 = 0.106229
r0.11 = 0.126459
r0.12 = 0.131781
r0.13 = 0.140482
r0.14 = 0.140482
r0.15 = 0.145596
r0.16 = 0.168227
r0.17 = 0.179546
r0.18 = 0.179546
r0.19 = 0.179546
r0.20 = 0.183067
r0.21 = 0.192984
r0.22 = 0.199545
r0.23 = 0.211445
r0.24 = 0.211445
r0.25 = 0.231581
r0.26 = 0.262005
r0.27 = 0.262005
r0.28 = 0.297883
r0.29 = 0.297883
r0.30 = 0.297883
r0.31 = 0.343676
r0.32 = 0.343676
r0.33 = 0.343676
r0.34 = 0.376058
r0.35 = 0.376058
r0.36 = 0.376058
r0.37 = 0.376058
r0.38 = 0.376058
r0.39 = 0.376058
r0.40 = 0.376058
r0.41 = 0.376058
r0.42 = 0.376058
r0.43 = 0.451269
r0.44 = 0.451269
r0.45 = 0.451269
r0.46 = 0.451269
r0.47 = 0.451269
r0.48 = 0.451269
r0.49 = 0.451269
r0.50 = 0.451269
r0.51 = 0.451269
r0.52 = 0.451269
r0.53 = 0.451269
r0.54 = 0.451269
r0.55 = 0.451269
r0.56 = 0.451269
r0.57 = 0.451269
r0.58 = 0.451269
r0.59 = 0.451269
r0.60 = 0.451269
r0.61 = 0.451269
r0.62 = 0.525789
r0.63 = 0.525789
r0.64 = 0.525789
r0.65 = 0.525789
r0.66 = 0.525789
r0.67 = 0.525789
r0.68 = 0.525789
r0.69 = 0.525789
r0.70 = 0.525789
r0.71 = 0.525789
r0.72 = 0.525789
r0.73 = 0.525789
r0.74 = 0.637056
r0.75 = 0.637056
r0.76 = 0.637056
r0.77 = 0.637056
r0.78 = 0.637056
r0.79 = 0.637056
r0.80 = 0.637056
r0.81 = 0.637056
r0.82 = 0.637056
r0.83 = 0.637056
r0.84 = 0.637056
r0.85 = 0.637056
r0.86 = 0.637056
r0.87 = 0.637056
r0.88 = 0.637056
r0.89 = 0.637056
r0.90 = 0.637056
r0.91 = 0.637056
r0.92 = 0.785533
r0.93 = 0.785533
r0.94 = 0.785533
r0.95 = 0.785533
r0.96 = 0.785533
r0.97 = 0.785533
r0.98 = 0.785533
r0.99 = 0.785533
r1.00 = 1.000000
rr0 = 0.655910
rr1 = 0.915156
