t0.00 = 1553.173913
t0.01 = 0.240805
t0.02 = 0.240805
t0.03 = 0.243690
t0.04 = 0.249852
t0.05 = 0.252765
t0.06 = 0.252213
t0.07 = 0.254182
t0.08 = 0.256286
t0.09 = 0.260964
t0.10 = 0.263476
t0.11 = 0.263476
t0.12 = 0.249230
t0.13 = 0.258747
t0.14 = 0.285894
t0.15 = 0.283484
t0.16 = 0.296655
t0.17 = 0.298879
t0.18 = 0.298879
t0.19 = 0.298879
t0.20 = 0.298879
t0.21 = 0.285730
t0.22 = 0.285730
t0.23 = 0.285730
t0.24 = 0.308038
t0.25 = 0.308038
t0.26 = 0.308038
t0.27 = 0.308038
t0.28 = 0.308038
t0.29 = 0.308038
t0.30 = 0.308038
t0.31 = 0.308038
t0.32 = 0.296557
t0.33 = 0.296557
t0.34 = 0.296557
t0.35 = 0.296557
t0.36 = 0.296557
t0.37 = 0.296557
t0.38 = 0.296557
t0.39 = 0.296557
t0.40 = 0.296557
t0.41 = 0.329672
t0.42 = 0.329672
t0.43 = 0.329672
t0.44 = 0.329672
t0.45 = 0.329672
t0.46 = 0.329672
t0.47 = 0.440174
t0.48 = 0.440174
t0.49 = 0.440174
t0.50 = 0.440174
t0.51 = 0.440174
t0.52 = 0.440174
t0.53 = 0.440174
t0.54 = 0.440174
t0.55 = 0.440174
t0.56 = 0.440174
t0.57 = 0.440174
t0.58 = 0.440174
t0.59 = 0.440174
t0.60 = 0.440174
t0.61 = 0.440174
t0.62 = 0.440174
t0.63 = 0.440174
t0.64 = 0.440174
t0.65 = 0.445935
t0.66 = 0.445935
t0.67 = 0.531072
t0.68 = 0.531072
t0.69 = 0.531072
t0.70 = 0.531072
t0.71 = 0.531072
t0.72 = 0.531072
t0.73 = 0.531072
t0.74 = 0.531072
t0.75 = 0.531072
t0.76 = 0.531072
t0.77 = 0.531072
t0.78 = 0.531072
t0.79 = 0.531072
t0.80 = 0.531072
t0.81 = 0.531072
t0.82 = 0.531072
t0.83 = 0.531072
t0.84 = 0.531072
t0.85 = 0.531072
t0.86 = 0.531072
t0.87 = 0.531072
t0.88 = 0.531072
t0.89 = 0.531072
t0.90 = 0.589166
t0.91 = 0.589166
t0.92 = 0.589166
t0.93 = 0.589166
t0.94 = 0.589166
t0.95 = 0.589166
t0.96 = 0.589166
t0.97 = 0.589166
t0.98 = 0.589166
t0.99 = 0.589166
t1.00 = 0.631112
tr0 = 0.547219
tr1 = 0.631112
r0.00 = 2461.009706
r0.01 = 0.381557
r0.02 = 0.381557
r0.03 = 0.386127
r0.04 = 0.395891
r0.05 = 0.400507
r0.06 = 0.399633
r0.07 = 0.402752
r0.08 = 0.406087
r0.09 = 0.413499
r0.10 = 0.417478
r0.11 = 0.417478
r0.12 = 0.394905
r0.13 = 0.409985
r0.14 = 0.453000
r0.15 = 0.449181
r0.16 = 0.470051
r0.17 = 0.473575
r0.18 = 0.473575
r0.19 = 0.473575
r0.20 = 0.473575
r0.21 = 0.452740
r0.22 = 0.452740
r0.23 = 0.452740
r0.24 = 0.488087
r0.25 = 0.488087
r0.26 = 0.488087
r0.27 = 0.488087
r0.28 = 0.488087
r0.29 = 0.488087
r0.30 = 0.488087
r0.31 = 0.488087
r0.32 = 0.469895
r0.33 = 0.469895
r0.34 = 0.469895
r0.35 = 0.469895
r0.36 = 0.469895
r0.37 = 0.469895
r0.38 = 0.469895
r0.39 = 0.469895
r0.40 = 0.469895
r0.41 = 0.522367
r0.42 = 0.522367
r0.43 = 0.522367
r0.44 = 0.522367
r0.45 = 0.522367
r0.46 = 0.522367
r0.47 = 0.697458
r0.48 = 0.697458
r0.49 = 0.697458
r0.50 = 0.697458
r0.51 = 0.697458
r0.52 = 0.697458
r0.53 = 0.697458
r0.54 = 0.697458
r0.55 = 0.697458
r0.56 = 0.697458
r0.57 = 0.697458
r0.58 = 0.697458
r0.59 = 0.697458
r0.60 = 0.697458
r0.61 = 0.697458
r0.62 = 0.697458
r0.63 = 0.697458
r0.64 = 0.697458
r0.65 = 0.706586
r0.66 = 0.706586
r0.67 = 0.841485
r0.68 = 0.841485
r0.69 = 0.841485
r0.70 = 0.841485
r0.71 = 0.841485
r0.72 = 0.841485
r0.73 = 0.841485
r0.74 = 0.841485
r0.75 = 0.841485
r0.76 = 0.841485
r0.77 = 0.841485
r0.78 = 0.841485
r0.79 = 0.841485
r0.80 = 0.841485
r0.81 = 0.841485
r0.82 = 0.841485
r0.83 = 0.841485
r0.84 = 0.841485
r0.85 = 0.841485
r0.86 = 0.841485
r0.87 = 0.841485
r0.88 = 0.841485
r0.89 = 0.841485
r0.90 = 0.933535
r0.91 = 0.933535
r0.92 = 0.933535
r0.93 = 0.933535
r0.94 = 0.933535
r0.95 = 0.933535
r0.96 = 0.933535
r0.97 = 0.933535
r0.98 = 0.933535
r0.99 = 0.933535
r1.00 = 1.000000
rr0 = 0.867070
rr1 = 1.000000
