t0.00 = 2.444444
t0.01 = 0.017841
t0.02 = 0.041055
t0.03 = 0.058754
t0.04 = 0.069879
t0.05 = 0.074973
t0.06 = 0.089091
t0.07 = 0.093573
t0.08 = 0.136748
t0.09 = 0.142648
t0.10 = 0.151659
t0.11 = 0.151659
t0.12 = 0.151659
t0.13 = 0.167354
t0.14 = 0.174696
t0.15 = 0.179514
t0.16 = 0.179514
t0.17 = 0.179514
t0.18 = 0.188731
t0.19 = 0.188731
t0.20 = 0.188731
t0.21 = 0.223138
t0.22 = 0.223138
t0.23 = 0.254714
t0.24 = 0.278603
t0.25 = 0.278603
t0.26 = 0.278603
t0.27 = 0.278603
t0.28 = 0.278603
t0.29 = 0.278603
t0.30 = 0.278603
t0.31 = 0.278603
t0.32 = 0.278603
t0.33 = 0.278603
t0.34 = 0.278603
t0.35 = 0.278603
t0.36 = 0.278603
t0.37 = 0.278603
t0.38 = 0.278603
t0.39 = 0.278603
t0.40 = 0.278603
t0.41 = 0.278603
t0.42 = 0.266707
t0.43 = 0.332142
t0.44 = 0.332142
t0.45 = 0.332142
t0.46 = 0.332142
t0.47 = 0.332142
t0.48 = 0.332142
t0.49 = 0.332142
t0.50 = 0.332142
t0.51 = 0.332142
t0.52 = 0.393991
t0.53 = 0.393991
t0.54 = 0.393991
t0.55 = 0.393991
t0.56 = 0.393991
t0.57 = 0.393991
t0.58 = 0.393991
t0.59 = 0.393991
t0.60 = 0.393991
t0.61 = 0.393991
t0.62 = 0.393991
t0.63 = 0.393991
t0.64 = 0.393991
t0.65 = 0.393991
t0.66 = 0.393991
t0.67 = 0.393991
t0.68 = 0.393991
t0.69 = 0.393991
t0.70 = 0.393991
t0.71 = 0.393991
t0.72 = 0.393991
t0.73 = 0.393991
t0.74 = 0.393991
t0.75 = 0.393991
t0.76 = 0.393991
t0.77 = 0.393991
t0.78 = 0.393991
t0.79 = 0.393991
t0.80 = 0.393991
t0.81 = 0.393991
t0.82 = 0.393991
t0.83 = 0.393991
t0.84 = 0.393991
t0.85 = 0.393991
t0.86 = 0.393991
t0.87 = 0.393991
t0.88 = 0.393991
t0.89 = 0.393991
t0.90 = 0.462310
t0.91 = 0.462310
t0.92 = 0.462310
t0.93 = 0.462310
t0.94 = 0.462310
t0.95 = 0.462310
t0.96 = 0.462310
t0.97 = 0.605207
t0.98 = 0.605207
t0.99 = 0.605207
t1.00 = 0.858452
tr0 = 0.464956
tr1 = 0.745457
r0.00 = 2.847504
r0.01 = 0.020783
r0.02 = 0.047825
r0.03 = 0.068441
r0.04 = 0.081402
r0.05 = 0.087335
r0.06 = 0.103781
r0.07 = 0.109002
r0.08 = 0.159296
r0.09 = 0.166169
r0.10 = 0.176666
r0.11 = 0.176666
r0.12 = 0.176666
r0.13 = 0.194948
r0.14 = 0.203501
r0.15 = 0.209114
r0.16 = 0.209114
r0.17 = 0.209114
r0.18 = 0.219851
r0.19 = 0.219851
r0.20 = 0.219851
r0.21 = 0.259931
r0.22 = 0.259931
r0.23 = 0.296714
r0.24 = 0.324541
r0.25 = 0.324541
r0.26 = 0.324541
r0.27 = 0.324541
r0.28 = 0.324541
r0.29 = 0.324541
r0.30 = 0.324541
r0.31 = 0.324541
r0.32 = 0.324541
r0.33 = 0.324541
r0.34 = 0.324541
r0.35 = 0.324541
r0.36 = 0.324541
r0.37 = 0.324541
r0.38 = 0.324541
r0.39 = 0.324541
r0.40 = 0.324541
r0.41 = 0.324541
r0.42 = 0.310684
r0.43 = 0.386909
r0.44 = 0.386909
r0.45 = 0.386909
r0.46 = 0.386909
r0.47 = 0.386909
r0.48 = 0.386909
r0.49 = 0.386909
r0.50 = 0.386909
r0.51 = 0.386909
r0.52 = 0.458956
r0.53 = 0.458956
r0.54 = 0.458956
r0.55 = 0.458956
r0.56 = 0.458956
r0.57 = 0.458956
r0.58 = 0.458956
r0.59 = 0.458956
r0.60 = 0.458956
r0.61 = 0.458956
r0.62 = 0.458956
r0.63 = 0.458956
r0.64 = 0.458956
r0.65 = 0.458956
r0.66 = 0.458956
r0.67 = 0.458956
r0.68 = 0.458956
r0.69 = 0.458956
r0.70 = 0.458956
r0.71 = 0.458956
r0.72 = 0.458956
r0.73 = 0.458956
r0.74 = 0.458956
r0.75 = 0.458956
r0.76 = 0.458956
r0.77 = 0.458956
r0.78 = 0.458956
r0.79 = 0.458956
r0.80 = 0.458956
r0.81 = 0.458956
r0.82 = 0.458956
r0.83 = 0.458956
r0.84 = 0.458956
r0.85 = 0.458956
r0.86 = 0.458956
r0.87 = 0.458956
r0.88 = 0.458956
r0.89 = 0.458956
r0.90 = 0.538539
r0.91 = 0.538539
r0.92 = 0.538539
r0.93 = 0.538539
r0.94 = 0.538539
r0.95 = 0.538539
r0.96 = 0.538539
r0.97 = 0.704998
r0.98 = 0.704998
r0.99 = 0.704998
r1.00 = 1.000000
rr0 = 0.541622
rr1 = 0.868374
