t0.00 = 163.863636
t0.01 = 0.040089
t0.02 = 0.050204
t0.03 = 0.063901
t0.04 = 0.063901
t0.05 = 0.075988
t0.06 = 0.075988
t0.07 = 0.077549
t0.08 = 0.080173
t0.09 = 0.085901
t0.10 = 0.085901
t0.11 = 0.087853
t0.12 = 0.087853
t0.13 = 0.094647
t0.14 = 0.094647
t0.15 = 0.094647
t0.16 = 0.100669
t0.17 = 0.106774
t0.18 = 0.114950
t0.19 = 0.126361
t0.20 = 0.136133
t0.21 = 0.136133
t0.22 = 0.136133
t0.23 = 0.161976
t0.24 = 0.172142
t0.25 = 0.172142
t0.26 = 0.172142
t0.27 = 0.172142
t0.28 = 0.182412
t0.29 = 0.182412
t0.30 = 0.182412
t0.31 = 0.182412
t0.32 = 0.182412
t0.33 = 0.182412
t0.34 = 0.202680
t0.35 = 0.261317
t0.36 = 0.261317
t0.37 = 0.261317
t0.38 = 0.261317
t0.39 = 0.269605
t0.40 = 0.269605
t0.41 = 0.269605
t0.42 = 0.269605
t0.43 = 0.269605
t0.44 = 0.269605
t0.45 = 0.269605
t0.46 = 0.269605
t0.47 = 0.269605
t0.48 = 0.312548
t0.49 = 0.312548
t0.50 = 0.312548
t0.51 = 0.312548
t0.52 = 0.312548
t0.53 = 0.312548
t0.54 = 0.312548
t0.55 = 0.312548
t0.56 = 0.312548
t0.57 = 0.312548
t0.58 = 0.312548
t0.59 = 0.312548
t0.60 = 0.312548
t0.61 = 0.312548
t0.62 = 0.312548
t0.63 = 0.312548
t0.64 = 0.312548
t0.65 = 0.312548
t0.66 = 0.312548
t0.67 = 0.312548
t0.68 = 0.312548
t0.69 = 0.312548
t0.70 = 0.312548
t0.71 = 0.312548
t0.72 = 0.312548
t0.73 = 0.312548
t0.74 = 0.312548
t0.75 = 0.312548
t0.76 = 0.312548
t0.77 = 0.330341
t0.78 = 0.330341
t0.79 = 0.330341
t0.80 = 0.330341
t0.81 = 0.330341
t0.82 = 0.330341
t0.83 = 0.330341
t0.84 = 0.330341
t0.85 = 0.330341
t0.86 = 0.330341
t0.87 = 0.330341
t0.88 = 0.330341
t0.89 = 0.330341
t0.90 = 0.429232
t0.91 = 0.429232
t0.92 = 0.429232
t0.93 = 0.429232
t0.94 = 0.429232
t0.95 = 0.429232
t0.96 = 0.429232
t0.97 = 0.429232
t0.98 = 0.429232
t0.99 = 0.429232
t1.00 = 0.718425
tr0 = 0.325444
tr1 = 0.657825
r0.00 = 228.087385
r0.01 = 0.055801
r0.02 = 0.069881
r0.03 = 0.088945
r0.04 = 0.088945
r0.05 = 0.105771
r0.06 = 0.105771
r0.07 = 0.107943
r0.08 = 0.111596
r0.09 = 0.119568
r0.10 = 0.119568
r0.11 = 0.122285
r0.12 = 0.122285
r0.13 = 0.131742
r0.14 = 0.131742
r0.15 = 0.131742
r0.16 = 0.140125
r0.17 = 0.148623
r0.18 = 0.160002
r0.19 = 0.175886
r0.20 = 0.189488
r0.21 = 0.189488
r0.22 = 0.189488
r0.23 = 0.225460
r0.24 = 0.239610
r0.25 = 0.239610
r0.26 = 0.239610
r0.27 = 0.239610
r0.28 = 0.253905
r0.29 = 0.253905
r0.30 = 0.253905
r0.31 = 0.253905
r0.32 = 0.253905
r0.33 = 0.253905
r0.34 = 0.282117
r0.35 = 0.363736
r0.36 = 0.363736
r0.37 = 0.363736
r0.38 = 0.363736
r0.39 = 0.375272
r0.40 = 0.375272
r0.41 = 0.375272
r0.42 = 0.375272
r0.43 = 0.375272
r0.44 = 0.375272
r0.45 = 0.375272
r0.46 = 0.375272
r0.47 = 0.375272
r0.48 = 0.435047
r0.49 = 0.435047
r0.50 = 0.435047
r0.51 = 0.435047
r0.52 = 0.435047
r0.53 = 0.435047
r0.54 = 0.435047
r0.55 = 0.435047
r0.56 = 0.435047
r0.57 = 0.435047
r0.58 = 0.435047
r0.59 = 0.435047
r0.60 = 0.435047
r0.61 = 0.435047
r0.62 = 0.435047
r0.63 = 0.435047
r0.64 = 0.435047
r0.65 = 0.435047
r0.66 = 0.435047
r0.67 = 0.435047
r0.68 = 0.435047
r0.69 = 0.435047
r0.70 = 0.435047
r0.71 = 0.435047
r0.72 = 0.435047
r0.73 = 0.435047
r0.74 = 0.435047
r0.75 = 0.435047
r0.76 = 0.435047
r0.77 = 0.459813
r0.78 = 0.459813
r0.79 = 0.459813
r0.80 = 0.459813
r0.81 = 0.459813
r0.82 = 0.459813
r0.83 = 0.459813
r0.84 = 0.459813
r0.85 = 0.459813
r0.86 = 0.459813
r0.87 = 0.459813
r0.88 = 0.459813
r0.89 = 0.459813
r0.90 = 0.597463
r0.91 = 0.597463
r0.92 = 0.597463
r0.93 = 0.597463
r0.94 = 0.597463
r0.95 = 0.597463
r0.96 = 0.597463
r0.97 = 0.597463
r0.98 = 0.597463
r0.99 = 0.597463
r1.00 = 1.000000
rr0 = 0.452996
rr1 = 0.915649
