t0.00 = 0.000000
t0.01 = 0.000000
t0.02 = 0.000000
t0.03 = 0.000064
t0.04 = 0.000064
t0.05 = 0.000064
t0.06 = 0.000224
t0.07 = 0.000387
t0.08 = 0.000623
t0.09 = 0.001453
t0.10 = 0.001453
t0.11 = 0.001453
t0.12 = 0.001869
t0.13 = 0.001869
t0.14 = 0.001869
t0.15 = 0.001869
t0.16 = 0.001869
t0.17 = 0.001869
t0.18 = 0.002490
t0.19 = 0.003732
t0.20 = 0.004553
t0.21 = 0.004553
t0.22 = 0.006455
t0.23 = 0.007425
t0.24 = 0.008220
t0.25 = 0.008220
t0.26 = 0.009264
t0.27 = 0.009264
t0.28 = 0.009264
t0.29 = 0.009264
t0.30 = 0.009264
t0.31 = 0.012281
t0.32 = 0.012281
t0.33 = 0.012281
t0.34 = 0.012281
t0.35 = 0.012281
t0.36 = 0.012281
t0.37 = 0.012281
t0.38 = 0.012281
t0.39 = 0.014008
t0.40 = 0.018148
t0.41 = 0.022266
t0.42 = 0.022266
t0.43 = 0.022266
t0.44 = 0.025537
t0.45 = 0.025537
t0.46 = 0.028717
t0.47 = 0.028717
t0.48 = 0.033836
t0.49 = 0.047097
t0.50 = 0.053754
t0.51 = 0.053754
t0.52 = 0.053754
t0.53 = 0.053754
t0.54 = 0.053754
t0.55 = 0.053754
t0.56 = 0.068753
t0.57 = 0.068753
t0.58 = 0.068753
t0.59 = 0.068753
t0.60 = 0.078256
t0.61 = 0.078256
t0.62 = 0.078256
t0.63 = 0.078256
t0.64 = 0.104208
t0.65 = 0.104208
t0.66 = 0.104208
t0.67 = 0.104208
t0.68 = 0.104208
t0.69 = 0.104208
t0.70 = 0.123781
t0.71 = 0.123781
t0.72 = 0.123781
t0.73 = 0.123781
t0.74 = 0.153233
t0.75 = 0.201696
t0.76 = 0.201696
t0.77 = 0.201696
t0.78 = 0.201696
t0.79 = 0.201696
t0.80 = 0.277188
t0.81 = 0.277188
t0.82 = 0.277188
t0.83 = 0.277188
t0.84 = 0.277188
t0.85 = 0.277188
t0.86 = 0.277188
t0.87 = 0.277188
t0.88 = 0.277188
t0.89 = 0.277188
t0.90 = 0.277188
t0.91 = 0.277188
t0.92 = 0.446805
t0.93 = 0.446805
t0.94 = 0.446805
t0.95 = 0.446805
t0.96 = 0.446805
t0.97 = 0.446805
t0.98 = 0.446805
t0.99 = 0.446805
t1.00 = 0.909260
tr0 = 0.406931
tr1 = 0.486678
r0.00 = 0.000000
r0.01 = 0.000000
r0.02 = 0.000000
r0.03 = 0.000070
r0.04 = 0.000070
r0.05 = 0.000070
r0.06 = 0.000246
r0.07 = 0.000426
r0.08 = 0.000685
r0.09 = 0.001598
r0.10 = 0.001598
r0.11 = 0.001598
r0.12 = 0.002055
r0.13 = 0.002055
r0.14 = 0.002055
r0.15 = 0.002055
r0.16 = 0.002055
r0.17 = 0.002055
r0.18 = 0.002738
r0.19 = 0.004105
r0.20 = 0.005007
r0.21 = 0.005007
r0.22 = 0.007099
r0.23 = 0.008166
r0.24 = 0.009040
r0.25 = 0.009040
r0.26 = 0.010189
r0.27 = 0.010189
r0.28 = 0.010189
r0.29 = 0.010189
r0.30 = 0.010189
r0.31 = 0.013507
r0.32 = 0.013507
r0.33 = 0.013507
r0.34 = 0.013507
r0.35 = 0.013507
r0.36 = 0.013507
r0.37 = 0.013507
r0.38 = 0.013507
r0.39 = 0.015406
r0.40 = 0.019959
r0.41 = 0.024488
r0.42 = 0.024488
r0.43 = 0.024488
r0.44 = 0.028086
r0.45 = 0.028086
r0.46 = 0.031583
r0.47 = 0.031583
r0.48 = 0.037213
r0.49 = 0.051797
r0.50 = 0.059119
r0.51 = 0.059119
r0.52 = 0.059119
r0.53 = 0.059119
r0.54 = 0.059119
r0.55 = 0.059119
r0.56 = 0.075615
r0.57 = 0.075615
r0.58 = 0.075615
r0.59 = 0.075615
r0.60 = 0.086066
r0.61 = 0.086066
r0.62 = 0.086066
r0.63 = 0.086066
r0.64 = 0.114608
r0.65 = 0.114608
r0.66 = 0.114608
r0.67 = 0.114608
r0.68 = 0.114608
r0.69 = 0.114608
r0.70 = 0.136134
r0.71 = 0.136134
r0.72 = 0.136134
r0.73 = 0.136134
r0.74 = 0.168525
r0.75 = 0.221824
r0.76 = 0.221824
r0.77 = 0.221824
r0.78 = 0.221824
r0.79 = 0.221824
r0.80 = 0.304850
r0.81 = 0.304850
r0.82 = 0.304850
r0.83 = 0.304850
r0.84 = 0.304850
r0.85 = 0.304850
r0.86 = 0.304850
r0.87 = 0.304850
r0.88 = 0.304850
r0.89 = 0.304850
r0.90 = 0.304850
r0.91 = 0.304850
r0.92 = 0.491393
r0.93 = 0.491393
r0.94 = 0.491393
r0.95 = 0.491393
r0.96 = 0.491393
r0.97 = 0.491393
r0.98 = 0.491393
r0.99 = 0.491393
r1.00 = 1.000000
rr0 = 0.447541
rr1 = 0.535246
