t0.00 = 4.476190
t0.01 = 0.011486
t0.02 = 0.024923
t0.03 = 0.032909
t0.04 = 0.038803
t0.05 = 0.045450
t0.06 = 0.047152
t0.07 = 0.073578
t0.08 = 0.083991
t0.09 = 0.088587
t0.10 = 0.088587
t0.11 = 0.109720
t0.12 = 0.112750
t0.13 = 0.124395
t0.14 = 0.172496
t0.15 = 0.172496
t0.16 = 0.172496
t0.17 = 0.172496
t0.18 = 0.172496
t0.19 = 0.168119
t0.20 = 0.186798
t0.21 = 0.186798
t0.22 = 0.186798
t0.23 = 0.186798
t0.24 = 0.186798
t0.25 = 0.186798
t0.26 = 0.215725
t0.27 = 0.215725
t0.28 = 0.215725
t0.29 = 0.215725
t0.30 = 0.258369
t0.31 = 0.258369
t0.32 = 0.258369
t0.33 = 0.258369
t0.34 = 0.258369
t0.35 = 0.258369
t0.36 = 0.258369
t0.37 = 0.258369
t0.38 = 0.258369
t0.39 = 0.258369
t0.40 = 0.258369
t0.41 = 0.258369
t0.42 = 0.255475
t0.43 = 0.255475
t0.44 = 0.255475
t0.45 = 0.262137
t0.46 = 0.262137
t0.47 = 0.262137
t0.48 = 0.262137
t0.49 = 0.262137
t0.50 = 0.262137
t0.51 = 0.262137
t0.52 = 0.262137
t0.53 = 0.262137
t0.54 = 0.303741
t0.55 = 0.303741
t0.56 = 0.303741
t0.57 = 0.303741
t0.58 = 0.303741
t0.59 = 0.303741
t0.60 = 0.303741
t0.61 = 0.303741
t0.62 = 0.303741
t0.63 = 0.303741
t0.64 = 0.303741
t0.65 = 0.303741
t0.66 = 0.303741
t0.67 = 0.303741
t0.68 = 0.303741
t0.69 = 0.303741
t0.70 = 0.303741
t0.71 = 0.303741
t0.72 = 0.303741
t0.73 = 0.303741
t0.74 = 0.303741
t0.75 = 0.303741
t0.76 = 0.489186
t0.77 = 0.489186
t0.78 = 0.489186
t0.79 = 0.489186
t0.80 = 0.489186
t0.81 = 0.489186
t0.82 = 0.489186
t0.83 = 0.489186
t0.84 = 0.489186
t0.85 = 0.489186
t0.86 = 0.489186
t0.87 = 0.489186
t0.88 = 0.489186
t0.89 = 0.489186
t0.90 = 0.489186
t0.91 = 0.489186
t0.92 = 0.489186
t0.93 = 0.489186
t0.94 = 0.489186
t0.95 = 0.489186
t0.96 = 0.489186
t0.97 = 0.489186
t0.98 = 0.489186
t0.99 = 0.489186
t1.00 = 0.755293
tr0 = 0.726558
tr1 = 0.251815
r0.00 = 5.926426
r0.01 = 0.015208
r0.02 = 0.032998
r0.03 = 0.043571
r0.04 = 0.051375
r0.05 = 0.060176
r0.06 = 0.062429
r0.07 = 0.097417
r0.08 = 0.111203
r0.09 = 0.117288
r0.10 = 0.117288
r0.11 = 0.145268
r0.12 = 0.149279
r0.13 = 0.164698
r0.14 = 0.228383
r0.15 = 0.228383
r0.16 = 0.228383
r0.17 = 0.228383
r0.18 = 0.228383
r0.19 = 0.222587
r0.20 = 0.247319
r0.21 = 0.247319
r0.22 = 0.247319
r0.23 = 0.247319
r0.24 = 0.247319
r0.25 = 0.247319
r0.26 = 0.285618
r0.27 = 0.285618
r0.28 = 0.285618
r0.29 = 0.285618
r0.30 = 0.342077
r0.31 = 0.342077
r0.32 = 0.342077
r0.33 = 0.342077
r0.34 = 0.342077
r0.35 = 0.342077
r0.36 = 0.342077
r0.37 = 0.342077
r0.38 = 0.342077
r0.39 = 0.342077
r0.40 = 0.342077
r0.41 = 0.342077
r0.42 = 0.338246
r0.43 = 0.338246
r0.44 = 0.338246
r0.45 = 0.347066
r0.46 = 0.347066
r0.47 = 0.347066
r0.48 = 0.347066
r0.49 = 0.347066
r0.50 = 0.347066
r0.51 = 0.347066
r0.52 = 0.347066
r0.53 = 0.347066
r0.54 = 0.402149
r0.55 = 0.402149
r0.56 = 0.402149
r0.57 = 0.402149
r0.58 = 0.402149
r0.59 = 0.402149
r0.60 = 0.402149
r0.61 = 0.402149
r0.62 = 0.402149
r0.63 = 0.402149
r0.64 = 0.402149
r0.65 = 0.402149
r0.66 = 0.402149
r0.67 = 0.402149
r0.68 = 0.402149
r0.69 = 0.402149
r0.70 = 0.402149
r0.71 = 0.402149
r0.72 = 0.402149
r0.73 = 0.402149
r0.74 = 0.402149
r0.75 = 0.402149
r0.76 = 0.647677
r0.77 = 0.647677
r0.78 = 0.647677
r0.79 = 0.647677
r0.80 = 0.647677
r0.81 = 0.647677
r0.82 = 0.647677
r0.83 = 0.647677
r0.84 = 0.647677
r0.85 = 0.647677
r0.86 = 0.647677
r0.87 = 0.647677
r0.88 = 0.647677
r0.89 = 0.647677
r0.90 = 0.647677
r0.91 = 0.647677
r0.92 = 0.647677
r0.93 = 0.647677
r0.94 = 0.647677
r0.95 = 0.647677
r0.96 = 0.647677
r0.97 = 0.647677
r0.98 = 0.647677
r0.99 = 0.647677
r1.00 = 1.000000
rr0 = 0.961954
rr1 = 0.333400
