t0.00 = 0.000000
t0.01 = 0.000024
t0.02 = 0.000044
t0.03 = 0.000044
t0.04 = 0.000170
t0.05 = 0.000170
t0.06 = 0.000170
t0.07 = 0.000170
t0.08 = 0.000170
t0.09 = 0.000731
t0.10 = 0.001076
t0.11 = 0.001499
t0.12 = 0.001499
t0.13 = 0.001499
t0.14 = 0.002043
t0.15 = 0.003139
t0.16 = 0.004676
t0.17 = 0.005552
t0.18 = 0.007068
t0.19 = 0.008281
t0.20 = 0.010871
t0.21 = 0.011681
t0.22 = 0.012609
t0.23 = 0.012609
t0.24 = 0.013651
t0.25 = 0.013651
t0.26 = 0.013651
t0.27 = 0.013651
t0.28 = 0.016213
t0.29 = 0.016213
t0.30 = 0.018383
t0.31 = 0.018383
t0.32 = 0.021178
t0.33 = 0.021178
t0.34 = 0.021178
t0.35 = 0.021178
t0.36 = 0.021178
t0.37 = 0.021178
t0.38 = 0.021178
t0.39 = 0.021178
t0.40 = 0.021178
t0.41 = 0.021178
t0.42 = 0.023896
t0.43 = 0.023896
t0.44 = 0.023896
t0.45 = 0.023896
t0.46 = 0.023896
t0.47 = 0.023896
t0.48 = 0.023896
t0.49 = 0.027670
t0.50 = 0.027670
t0.51 = 0.027670
t0.52 = 0.027670
t0.53 = 0.031660
t0.54 = 0.031660
t0.55 = 0.039657
t0.56 = 0.039657
t0.57 = 0.048538
t0.58 = 0.059991
t0.59 = 0.059991
t0.60 = 0.059991
t0.61 = 0.059991
t0.62 = 0.059991
t0.63 = 0.059991
t0.64 = 0.059991
t0.65 = 0.059991
t0.66 = 0.059991
t0.67 = 0.059991
t0.68 = 0.059991
t0.69 = 0.075707
t0.70 = 0.087200
t0.71 = 0.104097
t0.72 = 0.104097
t0.73 = 0.104097
t0.74 = 0.122110
t0.75 = 0.122110
t0.76 = 0.122110
t0.77 = 0.156393
t0.78 = 0.156393
t0.79 = 0.207702
t0.80 = 0.207702
t0.81 = 0.207702
t0.82 = 0.278365
t0.83 = 0.278365
t0.84 = 0.278365
t0.85 = 0.278365
t0.86 = 0.278365
t0.87 = 0.278365
t0.88 = 0.430792
t0.89 = 0.430792
t0.90 = 0.430792
t0.91 = 0.430792
t0.92 = 0.430792
t0.93 = 0.430792
t0.94 = 0.430792
t0.95 = 0.430792
t0.96 = 0.430792
t0.97 = 0.430792
t0.98 = 0.430792
t0.99 = 0.430792
t1.00 = 0.885010
tr0 = 0.235492
tr1 = 0.626091
r0.00 = 0.000000
r0.01 = 0.000027
r0.02 = 0.000050
r0.03 = 0.000050
r0.04 = 0.000192
r0.05 = 0.000192
r0.06 = 0.000192
r0.07 = 0.000192
r0.08 = 0.000192
r0.09 = 0.000826
r0.10 = 0.001216
r0.11 = 0.001693
r0.12 = 0.001693
r0.13 = 0.001693
r0.14 = 0.002309
r0.15 = 0.003547
r0.16 = 0.005283
r0.17 = 0.006273
r0.18 = 0.007986
r0.19 = 0.009357
r0.20 = 0.012284
r0.21 = 0.013198
r0.22 = 0.014247
r0.23 = 0.014247
r0.24 = 0.015425
r0.25 = 0.015425
r0.26 = 0.015425
r0.27 = 0.015425
r0.28 = 0.018320
r0.29 = 0.018320
r0.30 = 0.020771
r0.31 = 0.020771
r0.32 = 0.023929
r0.33 = 0.023929
r0.34 = 0.023929
r0.35 = 0.023929
r0.36 = 0.023929
r0.37 = 0.023929
r0.38 = 0.023929
r0.39 = 0.023929
r0.40 = 0.023929
r0.41 = 0.023929
r0.42 = 0.027001
r0.43 = 0.027001
r0.44 = 0.027001
r0.45 = 0.027001
r0.46 = 0.027001
r0.47 = 0.027001
r0.48 = 0.027001
r0.49 = 0.031265
r0.50 = 0.031265
r0.51 = 0.031265
r0.52 = 0.031265
r0.53 = 0.035773
r0.54 = 0.035773
r0.55 = 0.044810
r0.56 = 0.044810
r0.57 = 0.054844
r0.58 = 0.067785
r0.59 = 0.067785
r0.60 = 0.067785
r0.61 = 0.067785
r0.62 = 0.067785
r0.63 = 0.067785
r0.64 = 0.067785
r0.65 = 0.067785
r0.66 = 0.067785
r0.67 = 0.067785
r0.68 = 0.067785
r0.69 = 0.085544
r0.70 = 0.098529
r0.71 = 0.117622
r0.72 = 0.117622
r0.73 = 0.117622
r0.74 = 0.137976
r0.75 = 0.137976
r0.76 = 0.137976
r0.77 = 0.176713
r0.78 = 0.176713
r0.79 = 0.234689
r0.80 = 0.234689
r0.81 = 0.234689
r0.82 = 0.314533
r0.83 = 0.314533
r0.84 = 0.314533
r0.85 = 0.314533
r0.86 = 0.314533
r0.87 = 0.314533
r0.88 = 0.486765
r0.89 = 0.486765
r0.90 = 0.486765
r0.91 = 0.486765
r0.92 = 0.486765
r0.93 = 0.486765
r0.94 = 0.486765
r0.95 = 0.486765
r0.96 = 0.486765
r0.97 = 0.486765
r0.98 = 0.486765
r0.99 = 0.486765
r1.00 = 1.000000
rr0 = 0.266090
rr1 = 0.707439
