t0.00 = 3.581395
t0.01 = 0.012331
t0.02 = 0.035732
t0.03 = 0.059118
t0.04 = 0.082910
t0.05 = 0.102836
t0.06 = 0.102338
t0.07 = 0.102338
t0.08 = 0.102338
t0.09 = 0.111190
t0.10 = 0.127519
t0.11 = 0.135832
t0.12 = 0.172509
t0.13 = 0.168883
t0.14 = 0.168883
t0.15 = 0.168883
t0.16 = 0.196322
t0.17 = 0.196322
t0.18 = 0.196322
t0.19 = 0.225258
t0.20 = 0.225258
t0.21 = 0.225258
t0.22 = 0.225258
t0.23 = 0.225258
t0.24 = 0.225258
t0.25 = 0.225258
t0.26 = 0.225258
t0.27 = 0.225258
t0.28 = 0.225258
t0.29 = 0.225258
t0.30 = 0.253748
t0.31 = 0.253748
t0.32 = 0.253748
t0.33 = 0.270474
t0.34 = 0.270474
t0.35 = 0.270474
t0.36 = 0.270474
t0.37 = 0.270474
t0.38 = 0.270474
t0.39 = 0.377888
t0.40 = 0.377888
t0.41 = 0.377888
t0.42 = 0.377888
t0.43 = 0.377888
t0.44 = 0.553890
t0.45 = 0.553890
t0.46 = 0.553890
t0.47 = 0.553890
t0.48 = 0.553890
t0.49 = 0.553890
t0.50 = 0.553890
t0.51 = 0.553890
t0.52 = 0.553890
t0.53 = 0.553890
t0.54 = 0.553890
t0.55 = 0.553890
t0.56 = 0.553890
t0.57 = 0.553890
t0.58 = 0.553890
t0.59 = 0.553890
t0.60 = 0.553890
t0.61 = 0.553890
t0.62 = 0.553890
t0.63 = 0.553890
t0.64 = 0.553890
t0.65 = 0.553890
t0.66 = 0.553890
t0.67 = 0.553890
t0.68 = 0.553890
t0.69 = 0.553890
t0.70 = 0.553890
t0.71 = 0.553890
t0.72 = 0.553890
t0.73 = 0.553890
t0.74 = 0.553890
t0.75 = 0.553890
t0.76 = 0.553890
t0.77 = 0.553890
t0.78 = 0.553890
t0.79 = 0.553890
t0.80 = 0.553890
t0.81 = 0.553890
t0.82 = 0.553890
t0.83 = 0.553890
t0.84 = 0.553890
t0.85 = 0.553890
t0.86 = 0.553890
t0.87 = 0.553890
t0.88 = 0.553890
t0.89 = 0.553890
t0.90 = 0.553890
t0.91 = 0.553890
t0.92 = 0.553890
t0.93 = 0.553890
t0.94 = 0.553890
t0.95 = 0.553890
t0.96 = 0.553890
t0.97 = 0.553890
t0.98 = 0.553890
t0.99 = 0.553890
t1.00 = 0.674116
tr0 = 0.617397
tr1 = 0.490382
r0.00 = 5.312729
r0.01 = 0.018292
r0.02 = 0.053006
r0.03 = 0.087697
r0.04 = 0.122991
r0.05 = 0.152549
r0.06 = 0.151810
r0.07 = 0.151810
r0.08 = 0.151810
r0.09 = 0.164941
r0.10 = 0.189165
r0.11 = 0.201497
r0.12 = 0.255904
r0.13 = 0.250525
r0.14 = 0.250525
r0.15 = 0.250525
r0.16 = 0.291230
r0.17 = 0.291230
r0.18 = 0.291230
r0.19 = 0.334153
r0.20 = 0.334153
r0.21 = 0.334153
r0.22 = 0.334153
r0.23 = 0.334153
r0.24 = 0.334153
r0.25 = 0.334153
r0.26 = 0.334153
r0.27 = 0.334153
r0.28 = 0.334153
r0.29 = 0.334153
r0.30 = 0.376416
r0.31 = 0.376416
r0.32 = 0.376416
r0.33 = 0.401227
r0.34 = 0.401227
r0.35 = 0.401227
r0.36 = 0.401227
r0.37 = 0.401227
r0.38 = 0.401227
r0.39 = 0.560568
r0.40 = 0.560568
r0.41 = 0.560568
r0.42 = 0.560568
r0.43 = 0.560568
r0.44 = 0.821653
r0.45 = 0.821653
r0.46 = 0.821653
r0.47 = 0.821653
r0.48 = 0.821653
r0.49 = 0.821653
r0.50 = 0.821653
r0.51 = 0.821653
r0.52 = 0.821653
r0.53 = 0.821653
r0.54 = 0.821653
r0.55 = 0.821653
r0.56 = 0.821653
r0.57 = 0.821653
r0.58 = 0.821653
r0.59 = 0.821653
r0.60 = 0.821653
r0.61 = 0.821653
r0.62 = 0.821653
r0.63 = 0.821653
r0.64 = 0.821653
r0.65 = 0.821653
r0.66 = 0.821653
r0.67 = 0.821653
r0.68 = 0.821653
r0.69 = 0.821653
r0.70 = 0.821653
r0.71 = 0.821653
r0.72 = 0.821653
r0.73 = 0.821653
r0.74 = 0.821653
r0.75 = 0.821653
r0.76 = 0.821653
r0.77 = 0.821653
r0.78 = 0.821653
r0.79 = 0.821653
r0.80 = 0.821653
r0.81 = 0.821653
r0.82 = 0.821653
r0.83 = 0.821653
r0.84 = 0.821653
r0.85 = 0.821653
r0.86 = 0.821653
r0.87 = 0.821653
r0.88 = 0.821653
r0.89 = 0.821653
r0.90 = 0.821653
r0.91 = 0.821653
r0.92 = 0.821653
r0.93 = 0.821653
r0.94 = 0.821653
r0.95 = 0.821653
r0.96 = 0.821653
r0.97 = 0.821653
r0.98 = 0.821653
r0.99 = 0.821653
r1.00 = 1.000000
rr0 = 0.915862
rr1 = 0.727444
