t0.00 = 0.000000
t0.01 = 0.000056
t0.02 = 0.000056
t0.03 = 0.000235
t0.04 = 0.000362
t0.05 = 0.000362
t0.06 = 0.000611
t0.07 = 0.000922
t0.08 = 0.001528
t0.09 = 0.001947
t0.10 = 0.003019
t0.11 = 0.005035
t0.12 = 0.005889
t0.13 = 0.005889
t0.14 = 0.005889
t0.15 = 0.008450
t0.16 = 0.010494
t0.17 = 0.011763
t0.18 = 0.011763
t0.19 = 0.014885
t0.20 = 0.014885
t0.21 = 0.014885
t0.22 = 0.022846
t0.23 = 0.025247
t0.24 = 0.028788
t0.25 = 0.028788
t0.26 = 0.028788
t0.27 = 0.028788
t0.28 = 0.028788
t0.29 = 0.028788
t0.30 = 0.032269
t0.31 = 0.032269
t0.32 = 0.045864
t0.33 = 0.045864
t0.34 = 0.045864
t0.35 = 0.045864
t0.36 = 0.045864
t0.37 = 0.053614
t0.38 = 0.053614
t0.39 = 0.053614
t0.40 = 0.053614
t0.41 = 0.061956
t0.42 = 0.061956
t0.43 = 0.061956
t0.44 = 0.061956
t0.45 = 0.061956
t0.46 = 0.061956
t0.47 = 0.061956
t0.48 = 0.061956
t0.49 = 0.061956
t0.50 = 0.061956
t0.51 = 0.074281
t0.52 = 0.074281
t0.53 = 0.074281
t0.54 = 0.074281
t0.55 = 0.074281
t0.56 = 0.074281
t0.57 = 0.074281
t0.58 = 0.074281
t0.59 = 0.074281
t0.60 = 0.111063
t0.61 = 0.111063
t0.62 = 0.111063
t0.63 = 0.111063
t0.64 = 0.111063
t0.65 = 0.111063
t0.66 = 0.111063
t0.67 = 0.111063
t0.68 = 0.143667
t0.69 = 0.143667
t0.70 = 0.196043
t0.71 = 0.196043
t0.72 = 0.196043
t0.73 = 0.278470
t0.74 = 0.419708
t0.75 = 0.419708
t0.76 = 0.419708
t0.77 = 0.419708
t0.78 = 0.419708
t0.79 = 0.419708
t0.80 = 0.419708
t0.81 = 0.419708
t0.82 = 0.419708
t0.83 = 0.419708
t0.84 = 0.419708
t0.85 = 0.419708
t0.86 = 0.419708
t0.87 = 0.419708
t0.88 = 0.419708
t0.89 = 0.419708
t0.90 = 0.419708
t0.91 = 0.419708
t0.92 = 0.419708
t0.93 = 0.419708
t0.94 = 0.419708
t0.95 = 0.419708
t0.96 = 0.419708
t0.97 = 0.419708
t0.98 = 0.419708
t0.99 = 0.419708
t1.00 = 0.889938
tr0 = 0.352655
tr1 = 0.486761
r0.00 = 0.000000
r0.01 = 0.000063
r0.02 = 0.000063
r0.03 = 0.000264
r0.04 = 0.000406
r0.05 = 0.000406
r0.06 = 0.000687
r0.07 = 0.001036
r0.08 = 0.001717
r0.09 = 0.002188
r0.10 = 0.003393
r0.11 = 0.005658
r0.12 = 0.006618
r0.13 = 0.006618
r0.14 = 0.006618
r0.15 = 0.009495
r0.16 = 0.011791
r0.17 = 0.013218
r0.18 = 0.013218
r0.19 = 0.016726
r0.20 = 0.016726
r0.21 = 0.016726
r0.22 = 0.025671
r0.23 = 0.028369
r0.24 = 0.032348
r0.25 = 0.032348
r0.26 = 0.032348
r0.27 = 0.032348
r0.28 = 0.032348
r0.29 = 0.032348
r0.30 = 0.036259
r0.31 = 0.036259
r0.32 = 0.051537
r0.33 = 0.051537
r0.34 = 0.051537
r0.35 = 0.051537
r0.36 = 0.051537
r0.37 = 0.060244
r0.38 = 0.060244
r0.39 = 0.060244
r0.40 = 0.060244
r0.41 = 0.069619
r0.42 = 0.069619
r0.43 = 0.069619
r0.44 = 0.069619
r0.45 = 0.069619
r0.46 = 0.069619
r0.47 = 0.069619
r0.48 = 0.069619
r0.49 = 0.069619
r0.50 = 0.069619
r0.51 = 0.083467
r0.52 = 0.083467
r0.53 = 0.083467
r0.54 = 0.083467
r0.55 = 0.083467
r0.56 = 0.083467
r0.57 = 0.083467
r0.58 = 0.083467
r0.59 = 0.083467
r0.60 = 0.124799
r0.61 = 0.124799
r0.62 = 0.124799
r0.63 = 0.124799
r0.64 = 0.124799
r0.65 = 0.124799
r0.66 = 0.124799
r0.67 = 0.124799
r0.68 = 0.161435
r0.69 = 0.161435
r0.70 = 0.220288
r0.71 = 0.220288
r0.72 = 0.220288
r0.73 = 0.312909
r0.74 = 0.471615
r0.75 = 0.471615
r0.76 = 0.471615
r0.77 = 0.471615
r0.78 = 0.471615
r0.79 = 0.471615
r0.80 = 0.471615
r0.81 = 0.471615
r0.82 = 0.471615
r0.83 = 0.471615
r0.84 = 0.471615
r0.85 = 0.471615
r0.86 = 0.471615
r0.87 = 0.471615
r0.88 = 0.471615
r0.89 = 0.471615
r0.90 = 0.471615
r0.91 = 0.471615
r0.92 = 0.471615
r0.93 = 0.471615
r0.94 = 0.471615
r0.95 = 0.471615
r0.96 = 0.471615
r0.97 = 0.471615
r0.98 = 0.471615
r0.99 = 0.471615
r1.00 = 1.000000
rr0 = 0.396269
rr1 = 0.546960
