t0.00 = 0.000000
t0.01 = 0.000054
t0.02 = 0.000258
t0.03 = 0.000258
t0.04 = 0.000378
t0.05 = 0.000378
t0.06 = 0.000378
t0.07 = 0.000640
t0.08 = 0.000961
t0.09 = 0.000961
t0.10 = 0.002534
t0.11 = 0.002534
t0.12 = 0.003581
t0.13 = 0.003581
t0.14 = 0.004129
t0.15 = 0.004129
t0.16 = 0.005065
t0.17 = 0.005065
t0.18 = 0.006119
t0.19 = 0.006119
t0.20 = 0.006119
t0.21 = 0.006119
t0.22 = 0.006119
t0.23 = 0.006119
t0.24 = 0.006119
t0.25 = 0.006119
t0.26 = 0.007683
t0.27 = 0.010560
t0.28 = 0.016413
t0.29 = 0.021574
t0.30 = 0.021574
t0.31 = 0.021574
t0.32 = 0.021798
t0.33 = 0.021798
t0.34 = 0.024781
t0.35 = 0.024781
t0.36 = 0.024781
t0.37 = 0.024781
t0.38 = 0.024781
t0.39 = 0.024781
t0.40 = 0.028729
t0.41 = 0.032987
t0.42 = 0.032987
t0.43 = 0.032987
t0.44 = 0.040389
t0.45 = 0.045847
t0.46 = 0.045847
t0.47 = 0.045847
t0.48 = 0.045847
t0.49 = 0.045847
t0.50 = 0.045847
t0.51 = 0.045847
t0.52 = 0.045847
t0.53 = 0.045847
t0.54 = 0.045847
t0.55 = 0.045847
t0.56 = 0.045847
t0.57 = 0.045847
t0.58 = 0.045847
t0.59 = 0.045847
t0.60 = 0.045847
t0.61 = 0.045847
t0.62 = 0.045847
t0.63 = 0.068809
t0.64 = 0.081910
t0.65 = 0.081910
t0.66 = 0.081910
t0.67 = 0.081910
t0.68 = 0.081910
t0.69 = 0.081910
t0.70 = 0.099620
t0.71 = 0.099620
t0.72 = 0.099620
t0.73 = 0.099620
t0.74 = 0.124579
t0.75 = 0.124579
t0.76 = 0.124579
t0.77 = 0.124579
t0.78 = 0.124579
t0.79 = 0.124579
t0.80 = 0.124579
t0.81 = 0.124579
t0.82 = 0.124579
t0.83 = 0.124579
t0.84 = 0.124579
t0.85 = 0.166318
t0.86 = 0.166318
t0.87 = 0.166318
t0.88 = 0.166318
t0.89 = 0.166318
t0.90 = 0.166318
t0.91 = 0.300459
t0.92 = 0.300459
t0.93 = 0.300459
t0.94 = 0.300459
t0.95 = 0.300459
t0.96 = 0.300459
t0.97 = 0.300459
t0.98 = 0.463820
t0.99 = 0.463820
t1.00 = 0.939394
tr0 = 0.134803
tr1 = 0.792837
r0.00 = 0.000000
r0.01 = 0.000057
r0.02 = 0.000275
r0.03 = 0.000275
r0.04 = 0.000402
r0.05 = 0.000402
r0.06 = 0.000402
r0.07 = 0.000681
r0.08 = 0.001024
r0.09 = 0.001024
r0.10 = 0.002698
r0.11 = 0.002698
r0.12 = 0.003812
r0.13 = 0.003812
r0.14 = 0.004395
r0.15 = 0.004395
r0.16 = 0.005391
r0.17 = 0.005391
r0.18 = 0.006514
r0.19 = 0.006514
r0.20 = 0.006514
r0.21 = 0.006514
r0.22 = 0.006514
r0.23 = 0.006514
r0.24 = 0.006514
r0.25 = 0.006514
r0.26 = 0.008179
r0.27 = 0.011241
r0.28 = 0.017472
r0.29 = 0.022966
r0.30 = 0.022966
r0.31 = 0.022966
r0.32 = 0.023204
r0.33 = 0.023204
r0.34 = 0.026380
r0.35 = 0.026380
r0.36 = 0.026380
r0.37 = 0.026380
r0.38 = 0.026380
r0.39 = 0.026380
r0.40 = 0.030582
r0.41 = 0.035115
r0.42 = 0.035115
r0.43 = 0.035115
r0.44 = 0.042994
r0.45 = 0.048805
r0.46 = 0.048805
r0.47 = 0.048805
r0.48 = 0.048805
r0.49 = 0.048805
r0.50 = 0.048805
r0.51 = 0.048805
r0.52 = 0.048805
r0.53 = 0.048805
r0.54 = 0.048805
r0.55 = 0.048805
r0.56 = 0.048805
r0.57 = 0.048805
r0.58 = 0.048805
r0.59 = 0.048805
r0.60 = 0.048805
r0.61 = 0.048805
r0.62 = 0.048805
r0.63 = 0.073249
r0.64 = 0.087195
r0.65 = 0.087195
r0.66 = 0.087195
r0.67 = 0.087195
r0.68 = 0.087195
r0.69 = 0.087195
r0.70 = 0.106047
r0.71 = 0.106047
r0.72 = 0.106047
r0.73 = 0.106047
r0.74 = 0.132616
r0.75 = 0.132616
r0.76 = 0.132616
r0.77 = 0.132616
r0.78 = 0.132616
r0.79 = 0.132616
r0.80 = 0.132616
r0.81 = 0.132616
r0.82 = 0.132616
r0.83 = 0.132616
r0.84 = 0.132616
r0.85 = 0.177048
r0.86 = 0.177048
r0.87 = 0.177048
r0.88 = 0.177048
r0.89 = 0.177048
r0.90 = 0.177048
r0.91 = 0.319844
r0.92 = 0.319844
r0.93 = 0.319844
r0.94 = 0.319844
r0.95 = 0.319844
r0.96 = 0.319844
r0.97 = 0.319844
r0.98 = 0.493744
r0.99 = 0.493744
r1.00 = 1.000000
rr0 = 0.143500
rr1 = 0.843988
