t0.00 = 2.250000
t0.01 = 0.004709
t0.02 = 0.015158
t0.03 = 0.026659
t0.04 = 0.030237
t0.05 = 0.036463
t0.06 = 0.052659
t0.07 = 0.052659
t0.08 = 0.052659
t0.09 = 0.057790
t0.10 = 0.070650
t0.11 = 0.074780
t0.12 = 0.080922
t0.13 = 0.086077
t0.14 = 0.093786
t0.15 = 0.107988
t0.16 = 0.116331
t0.17 = 0.116331
t0.18 = 0.130419
t0.19 = 0.130419
t0.20 = 0.142739
t0.21 = 0.142739
t0.22 = 0.142739
t0.23 = 0.142739
t0.24 = 0.142739
t0.25 = 0.150987
t0.26 = 0.167739
t0.27 = 0.167739
t0.28 = 0.167739
t0.29 = 0.167739
t0.30 = 0.180857
t0.31 = 0.194210
t0.32 = 0.194210
t0.33 = 0.194210
t0.34 = 0.194210
t0.35 = 0.217678
t0.36 = 0.217678
t0.37 = 0.238971
t0.38 = 0.238971
t0.39 = 0.238971
t0.40 = 0.238971
t0.41 = 0.238971
t0.42 = 0.238971
t0.43 = 0.238971
t0.44 = 0.238971
t0.45 = 0.238971
t0.46 = 0.236235
t0.47 = 0.269914
t0.48 = 0.269914
t0.49 = 0.313695
t0.50 = 0.313695
t0.51 = 0.313695
t0.52 = 0.313695
t0.53 = 0.376225
t0.54 = 0.376225
t0.55 = 0.376225
t0.56 = 0.376225
t0.57 = 0.376225
t0.58 = 0.512919
t0.59 = 0.512919
t0.60 = 0.512919
t0.61 = 0.512919
t0.62 = 0.512919
t0.63 = 0.512919
t0.64 = 0.512919
t0.65 = 0.512919
t0.66 = 0.512919
t0.67 = 0.512919
t0.68 = 0.512919
t0.69 = 0.512919
t0.70 = 0.512919
t0.71 = 0.512919
t0.72 = 0.512919
t0.73 = 0.647135
t0.74 = 0.647135
t0.75 = 0.647135
t0.76 = 0.647135
t0.77 = 0.647135
t0.78 = 0.647135
t0.79 = 0.647135
t0.80 = 0.647135
t0.81 = 0.647135
t0.82 = 0.647135
t0.83 = 0.647135
t0.84 = 0.647135
t0.85 = 0.647135
t0.86 = 0.647135
t0.87 = 0.647135
t0.88 = 0.647135
t0.89 = 0.647135
t0.90 = 0.647135
t0.91 = 0.647135
t0.92 = 0.647135
t0.93 = 0.647135
t0.94 = 0.647135
t0.95 = 0.647135
t0.96 = 0.647135
t0.97 = 0.647135
t0.98 = 0.647135
t0.99 = 0.647135
t1.00 = 0.879289
tr0 = 0.432904
tr1 = 0.861366
r0.00 = 2.558885
r0.01 = 0.005355
r0.02 = 0.017239
r0.03 = 0.030318
r0.04 = 0.034388
r0.05 = 0.041469
r0.06 = 0.059888
r0.07 = 0.059888
r0.08 = 0.059888
r0.09 = 0.065723
r0.10 = 0.080348
r0.11 = 0.085046
r0.12 = 0.092032
r0.13 = 0.097894
r0.14 = 0.106662
r0.15 = 0.122813
r0.16 = 0.132302
r0.17 = 0.132302
r0.18 = 0.148323
r0.19 = 0.148323
r0.20 = 0.162334
r0.21 = 0.162334
r0.22 = 0.162334
r0.23 = 0.162334
r0.24 = 0.162334
r0.25 = 0.171715
r0.26 = 0.190767
r0.27 = 0.190767
r0.28 = 0.190767
r0.29 = 0.190767
r0.30 = 0.205686
r0.31 = 0.220871
r0.32 = 0.220871
r0.33 = 0.220871
r0.34 = 0.220871
r0.35 = 0.247561
r0.36 = 0.247561
r0.37 = 0.271777
r0.38 = 0.271777
r0.39 = 0.271777
r0.40 = 0.271777
r0.41 = 0.271777
r0.42 = 0.271777
r0.43 = 0.271777
r0.44 = 0.271777
r0.45 = 0.271777
r0.46 = 0.268666
r0.47 = 0.306969
r0.48 = 0.306969
r0.49 = 0.356760
r0.50 = 0.356760
r0.51 = 0.356760
r0.52 = 0.356760
r0.53 = 0.427875
r0.54 = 0.427875
r0.55 = 0.427875
r0.56 = 0.427875
r0.57 = 0.427875
r0.58 = 0.583333
r0.59 = 0.583333
r0.60 = 0.583333
r0.61 = 0.583333
r0.62 = 0.583333
r0.63 = 0.583333
r0.64 = 0.583333
r0.65 = 0.583333
r0.66 = 0.583333
r0.67 = 0.583333
r0.68 = 0.583333
r0.69 = 0.583333
r0.70 = 0.583333
r0.71 = 0.583333
r0.72 = 0.583333
r0.73 = 0.735976
r0.74 = 0.735976
r0.75 = 0.735976
r0.76 = 0.735976
r0.77 = 0.735976
r0.78 = 0.735976
r0.79 = 0.735976
r0.80 = 0.735976
r0.81 = 0.735976
r0.82 = 0.735976
r0.83 = 0.735976
r0.84 = 0.735976
r0.85 = 0.735976
r0.86 = 0.735976
r0.87 = 0.735976
r0.88 = 0.735976
r0.89 = 0.735976
r0.90 = 0.735976
r0.91 = 0.735976
r0.92 = 0.735976
r0.93 = 0.735976
r0.94 = 0.735976
r0.95 = 0.735976
r0.96 = 0.735976
r0.97 = 0.735976
r0.98 = 0.735976
r0.99 = 0.735976
r1.00 = 1.000000
rr0 = 0.492334
rr1 = 0.979617
