t0.00 = 0.000000
t0.01 = 0.000020
t0.02 = 0.000020
t0.03 = 0.000114
t0.04 = 0.000114
t0.05 = 0.000320
t0.06 = 0.000521
t0.07 = 0.001365
t0.08 = 0.001365
t0.09 = 0.001796
t0.10 = 0.002313
t0.11 = 0.002693
t0.12 = 0.003413
t0.13 = 0.004226
t0.14 = 0.004226
t0.15 = 0.004226
t0.16 = 0.005934
t0.17 = 0.012483
t0.18 = 0.012483
t0.19 = 0.013898
t0.20 = 0.013964
t0.21 = 0.013964
t0.22 = 0.016539
t0.23 = 0.019534
t0.24 = 0.019534
t0.25 = 0.019534
t0.26 = 0.021632
t0.27 = 0.021632
t0.28 = 0.024259
t0.29 = 0.024259
t0.30 = 0.028786
t0.31 = 0.028786
t0.32 = 0.028786
t0.33 = 0.031958
t0.34 = 0.031958
t0.35 = 0.031958
t0.36 = 0.042509
t0.37 = 0.042509
t0.38 = 0.042509
t0.39 = 0.042509
t0.40 = 0.049249
t0.41 = 0.058541
t0.42 = 0.058541
t0.43 = 0.058541
t0.44 = 0.058541
t0.45 = 0.058541
t0.46 = 0.058541
t0.47 = 0.058541
t0.48 = 0.058541
t0.49 = 0.058541
t0.50 = 0.058541
t0.51 = 0.058541
t0.52 = 0.075044
t0.53 = 0.075044
t0.54 = 0.075044
t0.55 = 0.075044
t0.56 = 0.075044
t0.57 = 0.093724
t0.58 = 0.093724
t0.59 = 0.093724
t0.60 = 0.093724
t0.61 = 0.093724
t0.62 = 0.113361
t0.63 = 0.144607
t0.64 = 0.144607
t0.65 = 0.144607
t0.66 = 0.144607
t0.67 = 0.144607
t0.68 = 0.144607
t0.69 = 0.190093
t0.70 = 0.190093
t0.71 = 0.190093
t0.72 = 0.190093
t0.73 = 0.190093
t0.74 = 0.190093
t0.75 = 0.190093
t0.76 = 0.190093
t0.77 = 0.190093
t0.78 = 0.282431
t0.79 = 0.434117
t0.80 = 0.434117
t0.81 = 0.434117
t0.82 = 0.434117
t0.83 = 0.434117
t0.84 = 0.434117
t0.85 = 0.434117
t0.86 = 0.434117
t0.87 = 0.434117
t0.88 = 0.434117
t0.89 = 0.434117
t0.90 = 0.434117
t0.91 = 0.434117
t0.92 = 0.434117
t0.93 = 0.434117
t0.94 = 0.434117
t0.95 = 0.434117
t0.96 = 0.434117
t0.97 = 0.434117
t0.98 = 0.434117
t0.99 = 0.434117
t1.00 = 0.901225
tr0 = 0.566574
tr1 = 0.301659
r0.00 = 0.000000
r0.01 = 0.000022
r0.02 = 0.000022
r0.03 = 0.000127
r0.04 = 0.000127
r0.05 = 0.000355
r0.06 = 0.000578
r0.07 = 0.001514
r0.08 = 0.001514
r0.09 = 0.001993
r0.10 = 0.002567
r0.11 = 0.002988
r0.12 = 0.003787
r0.13 = 0.004689
r0.14 = 0.004689
r0.15 = 0.004689
r0.16 = 0.006584
r0.17 = 0.013851
r0.18 = 0.013851
r0.19 = 0.015421
r0.20 = 0.015494
r0.21 = 0.015494
r0.22 = 0.018352
r0.23 = 0.021675
r0.24 = 0.021675
r0.25 = 0.021675
r0.26 = 0.024003
r0.27 = 0.024003
r0.28 = 0.026918
r0.29 = 0.026918
r0.30 = 0.031941
r0.31 = 0.031941
r0.32 = 0.031941
r0.33 = 0.035460
r0.34 = 0.035460
r0.35 = 0.035460
r0.36 = 0.047168
r0.37 = 0.047168
r0.38 = 0.047168
r0.39 = 0.047168
r0.40 = 0.054647
r0.41 = 0.064957
r0.42 = 0.064957
r0.43 = 0.064957
r0.44 = 0.064957
r0.45 = 0.064957
r0.46 = 0.064957
r0.47 = 0.064957
r0.48 = 0.064957
r0.49 = 0.064957
r0.50 = 0.064957
r0.51 = 0.064957
r0.52 = 0.083269
r0.53 = 0.083269
r0.54 = 0.083269
r0.55 = 0.083269
r0.56 = 0.083269
r0.57 = 0.103996
r0.58 = 0.103996
r0.59 = 0.103996
r0.60 = 0.103996
r0.61 = 0.103996
r0.62 = 0.125785
r0.63 = 0.160456
r0.64 = 0.160456
r0.65 = 0.160456
r0.66 = 0.160456
r0.67 = 0.160456
r0.68 = 0.160456
r0.69 = 0.210927
r0.70 = 0.210927
r0.71 = 0.210927
r0.72 = 0.210927
r0.73 = 0.210927
r0.74 = 0.210927
r0.75 = 0.210927
r0.76 = 0.210927
r0.77 = 0.210927
r0.78 = 0.313386
r0.79 = 0.481697
r0.80 = 0.481697
r0.81 = 0.481697
r0.82 = 0.481697
r0.83 = 0.481697
r0.84 = 0.481697
r0.85 = 0.481697
r0.86 = 0.481697
r0.87 = 0.481697
r0.88 = 0.481697
r0.89 = 0.481697
r0.90 = 0.481697
r0.91 = 0.481697
r0.92 = 0.481697
r0.93 = 0.481697
r0.94 = 0.481697
r0.95 = 0.481697
r0.96 = 0.481697
r0.97 = 0.481697
r0.98 = 0.481697
r0.99 = 0.481697
r1.00 = 1.000000
rr0 = 0.628672
rr1 = 0.334722
