t0.00 = 1117.644444
t0.01 = 0.182024
t0.02 = 0.217989
t0.03 = 0.219623
t0.04 = 0.219623
t0.05 = 0.228016
t0.06 = 0.242909
t0.07 = 0.253699
t0.08 = 0.252372
t0.09 = 0.254622
t0.10 = 0.254622
t0.11 = 0.284534
t0.12 = 0.299936
t0.13 = 0.299936
t0.14 = 0.337247
t0.15 = 0.433228
t0.16 = 0.433228
t0.17 = 0.471633
t0.18 = 0.471633
t0.19 = 0.471633
t0.20 = 0.485709
t0.21 = 0.522406
t0.22 = 0.519433
t0.23 = 0.519433
t0.24 = 0.546008
t0.25 = 0.546008
t0.26 = 0.546008
t0.27 = 0.546008
t0.28 = 0.546008
t0.29 = 0.546008
t0.30 = 0.546008
t0.31 = 0.596599
t0.32 = 0.596599
t0.33 = 0.596599
t0.34 = 0.596599
t0.35 = 0.596599
t0.36 = 0.596599
t0.37 = 0.596599
t0.38 = 0.596599
t0.39 = 0.610580
t0.40 = 0.611579
t0.41 = 0.611579
t0.42 = 0.611579
t0.43 = 0.611579
t0.44 = 0.611579
t0.45 = 0.611579
t0.46 = 0.611579
t0.47 = 0.611579
t0.48 = 0.611579
t0.49 = 0.611579
t0.50 = 0.611579
t0.51 = 0.611579
t0.52 = 0.611579
t0.53 = 0.611579
t0.54 = 0.611579
t0.55 = 0.611579
t0.56 = 0.611579
t0.57 = 0.611579
t0.58 = 0.611579
t0.59 = 0.611579
t0.60 = 0.611579
t0.61 = 0.611579
t0.62 = 0.611579
t0.63 = 0.611579
t0.64 = 0.611579
t0.65 = 0.611579
t0.66 = 0.611579
t0.67 = 0.611579
t0.68 = 0.611579
t0.69 = 0.611579
t0.70 = 0.611579
t0.71 = 0.611579
t0.72 = 0.611579
t0.73 = 0.611579
t0.74 = 0.611579
t0.75 = 0.611579
t0.76 = 0.611579
t0.77 = 0.611579
t0.78 = 0.611579
t0.79 = 0.611579
t0.80 = 0.611579
t0.81 = 0.611579
t0.82 = 0.611579
t0.83 = 0.611579
t0.84 = 0.611579
t0.85 = 0.611579
t0.86 = 0.611579
t0.87 = 0.611579
t0.88 = 0.611579
t0.89 = 0.611579
t0.90 = 0.611579
t0.91 = 0.611579
t0.92 = 0.611579
t0.93 = 0.611579
t0.94 = 0.611579
t0.95 = 0.611579
t0.96 = 0.611579
t0.97 = 0.611579
t0.98 = 0.611579
t0.99 = 0.611579
t1.00 = 0.874494
tr0 = 0.874494
tr1 = 0.348664
r0.00 = 1278.047119
r0.01 = 0.208148
r0.02 = 0.249275
r0.03 = 0.251143
r0.04 = 0.251143
r0.05 = 0.260741
r0.06 = 0.277771
r0.07 = 0.290110
r0.08 = 0.288593
r0.09 = 0.291165
r0.10 = 0.291165
r0.11 = 0.325370
r0.12 = 0.342982
r0.13 = 0.342982
r0.14 = 0.385648
r0.15 = 0.495404
r0.16 = 0.495404
r0.17 = 0.539321
r0.18 = 0.539321
r0.19 = 0.539321
r0.20 = 0.555417
r0.21 = 0.597381
r0.22 = 0.593981
r0.23 = 0.593981
r0.24 = 0.624370
r0.25 = 0.624370
r0.26 = 0.624370
r0.27 = 0.624370
r0.28 = 0.624370
r0.29 = 0.624370
r0.30 = 0.624370
r0.31 = 0.682222
r0.32 = 0.682222
r0.33 = 0.682222
r0.34 = 0.682222
r0.35 = 0.682222
r0.36 = 0.682222
r0.37 = 0.682222
r0.38 = 0.682222
r0.39 = 0.698210
r0.40 = 0.699352
r0.41 = 0.699352
r0.42 = 0.699352
r0.43 = 0.699352
r0.44 = 0.699352
r0.45 = 0.699352
r0.46 = 0.699352
r0.47 = 0.699352
r0.48 = 0.699352
r0.49 = 0.699352
r0.50 = 0.699352
r0.51 = 0.699352
r0.52 = 0.699352
r0.53 = 0.699352
r0.54 = 0.699352
r0.55 = 0.699352
r0.56 = 0.699352
r0.57 = 0.699352
r0.58 = 0.699352
r0.59 = 0.699352
r0.60 = 0.699352
r0.61 = 0.699352
r0.62 = 0.699352
r0.63 = 0.699352
r0.64 = 0.699352
r0.65 = 0.699352
r0.66 = 0.699352
r0.67 = 0.699352
r0.68 = 0.699352
r0.69 = 0.699352
r0.70 = 0.699352
r0.71 = 0.699352
r0.72 = 0.699352
r0.73 = 0.699352
r0.74 = 0.699352
r0.75 = 0.699352
r0.76 = 0.699352
r0.77 = 0.699352
r0.78 = 0.699352
r0.79 = 0.699352
r0.80 = 0.699352
r0.81 = 0.699352
r0.82 = 0.699352
r0.83 = 0.699352
r0.84 = 0.699352
r0.85 = 0.699352
r0.86 = 0.699352
r0.87 = 0.699352
r0.88 = 0.699352
r0.89 = 0.699352
r0.90 = 0.699352
r0.91 = 0.699352
r0.92 = 0.699352
r0.93 = 0.699352
r0.94 = 0.699352
r0.95 = 0.699352
r0.96 = 0.699352
r0.97 = 0.699352
r0.98 = 0.699352
r0.99 = 0.699352
r1.00 = 1.000000
rr0 = 1.000000
rr1 = 0.398704
