t0.00 = 338.780488
t0.01 = 0.057584
t0.02 = 0.057584
t0.03 = 0.072889
t0.04 = 0.086219
t0.05 = 0.093816
t0.06 = 0.110533
t0.07 = 0.115339
t0.08 = 0.115339
t0.09 = 0.115339
t0.10 = 0.115339
t0.11 = 0.129894
t0.12 = 0.133958
t0.13 = 0.137021
t0.14 = 0.137021
t0.15 = 0.137021
t0.16 = 0.139824
t0.17 = 0.155845
t0.18 = 0.170010
t0.19 = 0.170010
t0.20 = 0.170010
t0.21 = 0.170010
t0.22 = 0.170010
t0.23 = 0.181676
t0.24 = 0.193774
t0.25 = 0.193774
t0.26 = 0.193774
t0.27 = 0.193774
t0.28 = 0.193774
t0.29 = 0.193774
t0.30 = 0.216947
t0.31 = 0.216947
t0.32 = 0.216947
t0.33 = 0.215869
t0.34 = 0.215869
t0.35 = 0.215869
t0.36 = 0.225858
t0.37 = 0.225858
t0.38 = 0.225858
t0.39 = 0.227854
t0.40 = 0.267683
t0.41 = 0.267683
t0.42 = 0.267683
t0.43 = 0.267683
t0.44 = 0.267683
t0.45 = 0.267683
t0.46 = 0.267683
t0.47 = 0.267683
t0.48 = 0.302097
t0.49 = 0.302097
t0.50 = 0.369798
t0.51 = 0.369798
t0.52 = 0.369798
t0.53 = 0.369798
t0.54 = 0.369798
t0.55 = 0.369798
t0.56 = 0.369798
t0.57 = 0.369798
t0.58 = 0.373041
t0.59 = 0.373041
t0.60 = 0.373041
t0.61 = 0.373041
t0.62 = 0.373041
t0.63 = 0.373041
t0.64 = 0.373041
t0.65 = 0.373041
t0.66 = 0.373041
t0.67 = 0.373041
t0.68 = 0.373041
t0.69 = 0.373041
t0.70 = 0.373041
t0.71 = 0.373041
t0.72 = 0.373041
t0.73 = 0.373041
t0.74 = 0.373041
t0.75 = 0.501906
t0.76 = 0.501906
t0.77 = 0.501906
t0.78 = 0.501906
t0.79 = 0.501906
t0.80 = 0.501906
t0.81 = 0.501906
t0.82 = 0.501906
t0.83 = 0.501906
t0.84 = 0.501906
t0.85 = 0.501906
t0.86 = 0.501906
t0.87 = 0.501906
t0.88 = 0.501906
t0.89 = 0.501906
t0.90 = 0.501906
t0.91 = 0.501906
t0.92 = 0.501906
t0.93 = 0.501906
t0.94 = 0.501906
t0.95 = 0.501906
t0.96 = 0.501906
t0.97 = 0.501906
t0.98 = 0.501906
t0.99 = 0.501906
t1.00 = 0.764612
tr0 = 0.726175
tr1 = 0.277637
r0.00 = 443.074772
r0.01 = 0.075312
r0.02 = 0.075312
r0.03 = 0.095329
r0.04 = 0.112761
r0.05 = 0.122698
r0.06 = 0.144561
r0.07 = 0.150846
r0.08 = 0.150846
r0.09 = 0.150846
r0.10 = 0.150846
r0.11 = 0.169881
r0.12 = 0.175197
r0.13 = 0.179203
r0.14 = 0.179203
r0.15 = 0.179203
r0.16 = 0.182869
r0.17 = 0.203822
r0.18 = 0.222348
r0.19 = 0.222348
r0.20 = 0.222348
r0.21 = 0.222348
r0.22 = 0.222348
r0.23 = 0.237606
r0.24 = 0.253428
r0.25 = 0.253428
r0.26 = 0.253428
r0.27 = 0.253428
r0.28 = 0.253428
r0.29 = 0.253428
r0.30 = 0.283735
r0.31 = 0.283735
r0.32 = 0.283735
r0.33 = 0.282325
r0.34 = 0.282325
r0.35 = 0.282325
r0.36 = 0.295388
r0.37 = 0.295388
r0.38 = 0.295388
r0.39 = 0.298000
r0.40 = 0.350090
r0.41 = 0.350090
r0.42 = 0.350090
r0.43 = 0.350090
r0.44 = 0.350090
r0.45 = 0.350090
r0.46 = 0.350090
r0.47 = 0.350090
r0.48 = 0.395098
r0.49 = 0.395098
r0.50 = 0.483641
r0.51 = 0.483641
r0.52 = 0.483641
r0.53 = 0.483641
r0.54 = 0.483641
r0.55 = 0.483641
r0.56 = 0.483641
r0.57 = 0.483641
r0.58 = 0.487883
r0.59 = 0.487883
r0.60 = 0.487883
r0.61 = 0.487883
r0.62 = 0.487883
r0.63 = 0.487883
r0.64 = 0.487883
r0.65 = 0.487883
r0.66 = 0.487883
r0.67 = 0.487883
r0.68 = 0.487883
r0.69 = 0.487883
r0.70 = 0.487883
r0.71 = 0.487883
r0.72 = 0.487883
r0.73 = 0.487883
r0.74 = 0.487883
r0.75 = 0.656419
r0.76 = 0.656419
r0.77 = 0.656419
r0.78 = 0.656419
r0.79 = 0.656419
r0.80 = 0.656419
r0.81 = 0.656419
r0.82 = 0.656419
r0.83 = 0.656419
r0.84 = 0.656419
r0.85 = 0.656419
r0.86 = 0.656419
r0.87 = 0.656419
r0.88 = 0.656419
r0.89 = 0.656419
r0.90 = 0.656419
r0.91 = 0.656419
r0.92 = 0.656419
r0.93 = 0.656419
r0.94 = 0.656419
r0.95 = 0.656419
r0.96 = 0.656419
r0.97 = 0.656419
r0.98 = 0.656419
r0.99 = 0.656419
r1.00 = 1.000000
rr0 = 0.949730
rr1 = 0.363108
