t0.00 = 275.914894
t0.01 = 0.063961
t0.02 = 0.075838
t0.03 = 0.075838
t0.04 = 0.078894
t0.05 = 0.085095
t0.06 = 0.088385
t0.07 = 0.093720
t0.08 = 0.094085
t0.09 = 0.103519
t0.10 = 0.107089
t0.11 = 0.109513
t0.12 = 0.109513
t0.13 = 0.112623
t0.14 = 0.112623
t0.15 = 0.112623
t0.16 = 0.118190
t0.17 = 0.136005
t0.18 = 0.145444
t0.19 = 0.153781
t0.20 = 0.162827
t0.21 = 0.162827
t0.22 = 0.193384
t0.23 = 0.193384
t0.24 = 0.221377
t0.25 = 0.221377
t0.26 = 0.221377
t0.27 = 0.241502
t0.28 = 0.253862
t0.29 = 0.253862
t0.30 = 0.255827
t0.31 = 0.277885
t0.32 = 0.277885
t0.33 = 0.238650
t0.34 = 0.238650
t0.35 = 0.238650
t0.36 = 0.238650
t0.37 = 0.238650
t0.38 = 0.238650
t0.39 = 0.238650
t0.40 = 0.238650
t0.41 = 0.238650
t0.42 = 0.238650
t0.43 = 0.238650
t0.44 = 0.238650
t0.45 = 0.238650
t0.46 = 0.238650
t0.47 = 0.238650
t0.48 = 0.238650
t0.49 = 0.238650
t0.50 = 0.238650
t0.51 = 0.238650
t0.52 = 0.238650
t0.53 = 0.238650
t0.54 = 0.238650
t0.55 = 0.238650
t0.56 = 0.238650
t0.57 = 0.238650
t0.58 = 0.270044
t0.59 = 0.322337
t0.60 = 0.322337
t0.61 = 0.322337
t0.62 = 0.440121
t0.63 = 0.440121
t0.64 = 0.440121
t0.65 = 0.440121
t0.66 = 0.556925
t0.67 = 0.556925
t0.68 = 0.556925
t0.69 = 0.556925
t0.70 = 0.556925
t0.71 = 0.556925
t0.72 = 0.556925
t0.73 = 0.556925
t0.74 = 0.556925
t0.75 = 0.556925
t0.76 = 0.556925
t0.77 = 0.556925
t0.78 = 0.556925
t0.79 = 0.556925
t0.80 = 0.556925
t0.81 = 0.556925
t0.82 = 0.556925
t0.83 = 0.556925
t0.84 = 0.556925
t0.85 = 0.556925
t0.86 = 0.556925
t0.87 = 0.556925
t0.88 = 0.556925
t0.89 = 0.556925
t0.90 = 0.556925
t0.91 = 0.556925
t0.92 = 0.556925
t0.93 = 0.556925
t0.94 = 0.556925
t0.95 = 0.556925
t0.96 = 0.556925
t0.97 = 0.556925
t0.98 = 0.556925
t0.99 = 0.556925
t1.00 = 0.810441
tr0 = 0.791562
tr1 = 0.322289
r0.00 = 340.450253
r0.01 = 0.078921
r0.02 = 0.093576
r0.03 = 0.093576
r0.04 = 0.097347
r0.05 = 0.104999
r0.06 = 0.109058
r0.07 = 0.115641
r0.08 = 0.116091
r0.09 = 0.127732
r0.10 = 0.132136
r0.11 = 0.135128
r0.12 = 0.135128
r0.13 = 0.138965
r0.14 = 0.138965
r0.15 = 0.138965
r0.16 = 0.145834
r0.17 = 0.167816
r0.18 = 0.179463
r0.19 = 0.189750
r0.20 = 0.200912
r0.21 = 0.200912
r0.22 = 0.238616
r0.23 = 0.238616
r0.24 = 0.273156
r0.25 = 0.273156
r0.26 = 0.273156
r0.27 = 0.297988
r0.28 = 0.313240
r0.29 = 0.313240
r0.30 = 0.315664
r0.31 = 0.342881
r0.32 = 0.342881
r0.33 = 0.294470
r0.34 = 0.294470
r0.35 = 0.294470
r0.36 = 0.294470
r0.37 = 0.294470
r0.38 = 0.294470
r0.39 = 0.294470
r0.40 = 0.294470
r0.41 = 0.294470
r0.42 = 0.294470
r0.43 = 0.294470
r0.44 = 0.294470
r0.45 = 0.294470
r0.46 = 0.294470
r0.47 = 0.294470
r0.48 = 0.294470
r0.49 = 0.294470
r0.50 = 0.294470
r0.51 = 0.294470
r0.52 = 0.294470
r0.53 = 0.294470
r0.54 = 0.294470
r0.55 = 0.294470
r0.56 = 0.294470
r0.57 = 0.294470
r0.58 = 0.333207
r0.59 = 0.397730
r0.60 = 0.397730
r0.61 = 0.397730
r0.62 = 0.543063
r0.63 = 0.543063
r0.64 = 0.543063
r0.65 = 0.543063
r0.66 = 0.687188
r0.67 = 0.687188
r0.68 = 0.687188
r0.69 = 0.687188
r0.70 = 0.687188
r0.71 = 0.687188
r0.72 = 0.687188
r0.73 = 0.687188
r0.74 = 0.687188
r0.75 = 0.687188
r0.76 = 0.687188
r0.77 = 0.687188
r0.78 = 0.687188
r0.79 = 0.687188
r0.80 = 0.687188
r0.81 = 0.687188
r0.82 = 0.687188
r0.83 = 0.687188
r0.84 = 0.687188
r0.85 = 0.687188
r0.86 = 0.687188
r0.87 = 0.687188
r0.88 = 0.687188
r0.89 = 0.687188
r0.90 = 0.687188
r0.91 = 0.687188
r0.92 = 0.687188
r0.93 = 0.687188
r0.94 = 0.687188
r0.95 = 0.687188
r0.96 = 0.687188
r0.97 = 0.687188
r0.98 = 0.687188
r0.99 = 0.687188
r1.00 = 1.000000
rr0 = 0.976705
rr1 = 0.397671
