t0.00 = 425.045455
t0.01 = 0.069697
t0.02 = 0.075427
t0.03 = 0.081448
t0.04 = 0.087377
t0.05 = 0.087377
t0.06 = 0.087377
t0.07 = 0.091008
t0.08 = 0.091008
t0.09 = 0.094933
t0.10 = 0.094933
t0.11 = 0.099016
t0.12 = 0.110155
t0.13 = 0.110155
t0.14 = 0.115962
t0.15 = 0.115962
t0.16 = 0.118265
t0.17 = 0.118808
t0.18 = 0.129323
t0.19 = 0.130256
t0.20 = 0.136459
t0.21 = 0.139573
t0.22 = 0.143157
t0.23 = 0.143157
t0.24 = 0.143157
t0.25 = 0.143157
t0.26 = 0.143157
t0.27 = 0.141785
t0.28 = 0.165857
t0.29 = 0.165857
t0.30 = 0.206756
t0.31 = 0.215662
t0.32 = 0.257182
t0.33 = 0.257182
t0.34 = 0.257182
t0.35 = 0.257182
t0.36 = 0.257182
t0.37 = 0.257182
t0.38 = 0.257182
t0.39 = 0.257182
t0.40 = 0.257182
t0.41 = 0.257182
t0.42 = 0.257182
t0.43 = 0.257182
t0.44 = 0.257182
t0.45 = 0.257182
t0.46 = 0.257182
t0.47 = 0.257182
t0.48 = 0.257182
t0.49 = 0.267660
t0.50 = 0.281213
t0.51 = 0.281213
t0.52 = 0.281213
t0.53 = 0.281213
t0.54 = 0.281213
t0.55 = 0.281213
t0.56 = 0.281213
t0.57 = 0.281213
t0.58 = 0.281213
t0.59 = 0.281213
t0.60 = 0.281213
t0.61 = 0.281213
t0.62 = 0.281213
t0.63 = 0.281213
t0.64 = 0.281213
t0.65 = 0.281213
t0.66 = 0.281213
t0.67 = 0.281213
t0.68 = 0.281213
t0.69 = 0.281213
t0.70 = 0.281213
t0.71 = 0.281213
t0.72 = 0.281213
t0.73 = 0.317392
t0.74 = 0.317392
t0.75 = 0.317392
t0.76 = 0.333597
t0.77 = 0.333597
t0.78 = 0.333597
t0.79 = 0.333597
t0.80 = 0.333597
t0.81 = 0.333597
t0.82 = 0.333597
t0.83 = 0.363344
t0.84 = 0.363344
t0.85 = 0.363344
t0.86 = 0.363344
t0.87 = 0.455637
t0.88 = 0.558491
t0.89 = 0.558491
t0.90 = 0.558491
t0.91 = 0.558491
t0.92 = 0.558491
t0.93 = 0.558491
t0.94 = 0.558491
t0.95 = 0.558491
t0.96 = 0.558491
t0.97 = 0.558491
t0.98 = 0.558491
t0.99 = 0.558491
t1.00 = 0.699350
tr0 = 0.474145
tr1 = 0.642837
r0.00 = 607.772066
r0.01 = 0.099660
r0.02 = 0.107853
r0.03 = 0.116462
r0.04 = 0.124941
r0.05 = 0.124941
r0.06 = 0.124941
r0.07 = 0.130132
r0.08 = 0.130132
r0.09 = 0.135745
r0.10 = 0.135745
r0.11 = 0.141584
r0.12 = 0.157511
r0.13 = 0.157511
r0.14 = 0.165814
r0.15 = 0.165814
r0.16 = 0.169106
r0.17 = 0.169883
r0.18 = 0.184919
r0.19 = 0.186253
r0.20 = 0.195123
r0.21 = 0.199576
r0.22 = 0.204700
r0.23 = 0.204700
r0.24 = 0.204700
r0.25 = 0.204700
r0.26 = 0.204700
r0.27 = 0.202738
r0.28 = 0.237159
r0.29 = 0.237159
r0.30 = 0.295640
r0.31 = 0.308375
r0.32 = 0.367744
r0.33 = 0.367744
r0.34 = 0.367744
r0.35 = 0.367744
r0.36 = 0.367744
r0.37 = 0.367744
r0.38 = 0.367744
r0.39 = 0.367744
r0.40 = 0.367744
r0.41 = 0.367744
r0.42 = 0.367744
r0.43 = 0.367744
r0.44 = 0.367744
r0.45 = 0.367744
r0.46 = 0.367744
r0.47 = 0.367744
r0.48 = 0.367744
r0.49 = 0.382727
r0.50 = 0.402107
r0.51 = 0.402107
r0.52 = 0.402107
r0.53 = 0.402107
r0.54 = 0.402107
r0.55 = 0.402107
r0.56 = 0.402107
r0.57 = 0.402107
r0.58 = 0.402107
r0.59 = 0.402107
r0.60 = 0.402107
r0.61 = 0.402107
r0.62 = 0.402107
r0.63 = 0.402107
r0.64 = 0.402107
r0.65 = 0.402107
r0.66 = 0.402107
r0.67 = 0.402107
r0.68 = 0.402107
r0.69 = 0.402107
r0.70 = 0.402107
r0.71 = 0.402107
r0.72 = 0.402107
r0.73 = 0.453838
r0.74 = 0.453838
r0.75 = 0.453838
r0.76 = 0.477010
r0.77 = 0.477010
r0.78 = 0.477010
r0.79 = 0.477010
r0.80 = 0.477010
r0.81 = 0.477010
r0.82 = 0.477010
r0.83 = 0.519545
r0.84 = 0.519545
r0.85 = 0.519545
r0.86 = 0.519545
r0.87 = 0.651515
r0.88 = 0.798586
r0.89 = 0.798586
r0.90 = 0.798586
r0.91 = 0.798586
r0.92 = 0.798586
r0.93 = 0.798586
r0.94 = 0.798586
r0.95 = 0.798586
r0.96 = 0.798586
r0.97 = 0.798586
r0.98 = 0.798586
r0.99 = 0.798586
r1.00 = 1.000000
rr0 = 0.677980
rr1 = 0.919192
