t0.00 = 140.619048
t0.01 = 0.031485
t0.02 = 0.031485
t0.03 = 0.037274
t0.04 = 0.040720
t0.05 = 0.042001
t0.06 = 0.046413
t0.07 = 0.059176
t0.08 = 0.059176
t0.09 = 0.065040
t0.10 = 0.070829
t0.11 = 0.075251
t0.12 = 0.075251
t0.13 = 0.080767
t0.14 = 0.087973
t0.15 = 0.087973
t0.16 = 0.095207
t0.17 = 0.095207
t0.18 = 0.103653
t0.19 = 0.106410
t0.20 = 0.106410
t0.21 = 0.111477
t0.22 = 0.111477
t0.23 = 0.111477
t0.24 = 0.111477
t0.25 = 0.120767
t0.26 = 0.120767
t0.27 = 0.128219
t0.28 = 0.147756
t0.29 = 0.147756
t0.30 = 0.147756
t0.31 = 0.147756
t0.32 = 0.147756
t0.33 = 0.147756
t0.34 = 0.147756
t0.35 = 0.147756
t0.36 = 0.147756
t0.37 = 0.147756
t0.38 = 0.147756
t0.39 = 0.147756
t0.40 = 0.147756
t0.41 = 0.147756
t0.42 = 0.147756
t0.43 = 0.147756
t0.44 = 0.147756
t0.45 = 0.147756
t0.46 = 0.164869
t0.47 = 0.164869
t0.48 = 0.164869
t0.49 = 0.164869
t0.50 = 0.164869
t0.51 = 0.164869
t0.52 = 0.185478
t0.53 = 0.213987
t0.54 = 0.231240
t0.55 = 0.231240
t0.56 = 0.231240
t0.57 = 0.231240
t0.58 = 0.231240
t0.59 = 0.231240
t0.60 = 0.231240
t0.61 = 0.231240
t0.62 = 0.231240
t0.63 = 0.231240
t0.64 = 0.231240
t0.65 = 0.276409
t0.66 = 0.276409
t0.67 = 0.276409
t0.68 = 0.339161
t0.69 = 0.339161
t0.70 = 0.339161
t0.71 = 0.339161
t0.72 = 0.339161
t0.73 = 0.339161
t0.74 = 0.339161
t0.75 = 0.339161
t0.76 = 0.339161
t0.77 = 0.339161
t0.78 = 0.339161
t0.79 = 0.339161
t0.80 = 0.339161
t0.81 = 0.339161
t0.82 = 0.339161
t0.83 = 0.339161
t0.84 = 0.339161
t0.85 = 0.432150
t0.86 = 0.432150
t0.87 = 0.432150
t0.88 = 0.432150
t0.89 = 0.567067
t0.90 = 0.567067
t0.91 = 0.567067
t0.92 = 0.567067
t0.93 = 0.567067
t0.94 = 0.567067
t0.95 = 0.567067
t0.96 = 0.567067
t0.97 = 0.567067
t0.98 = 0.567067
t0.99 = 0.567067
t1.00 = 0.793319
tr0 = 0.665797
tr1 = 0.468337
r0.00 = 177.254010
r0.01 = 0.039687
r0.02 = 0.039687
r0.03 = 0.046985
r0.04 = 0.051329
r0.05 = 0.052944
r0.06 = 0.058505
r0.07 = 0.074593
r0.08 = 0.074593
r0.09 = 0.081985
r0.10 = 0.089282
r0.11 = 0.094856
r0.12 = 0.094856
r0.13 = 0.101809
r0.14 = 0.110892
r0.15 = 0.110892
r0.16 = 0.120011
r0.17 = 0.120011
r0.18 = 0.130658
r0.19 = 0.134132
r0.20 = 0.134132
r0.21 = 0.140520
r0.22 = 0.140520
r0.23 = 0.140520
r0.24 = 0.140520
r0.25 = 0.152230
r0.26 = 0.152230
r0.27 = 0.161623
r0.28 = 0.186250
r0.29 = 0.186250
r0.30 = 0.186250
r0.31 = 0.186250
r0.32 = 0.186250
r0.33 = 0.186250
r0.34 = 0.186250
r0.35 = 0.186250
r0.36 = 0.186250
r0.37 = 0.186250
r0.38 = 0.186250
r0.39 = 0.186250
r0.40 = 0.186250
r0.41 = 0.186250
r0.42 = 0.186250
r0.43 = 0.186250
r0.44 = 0.186250
r0.45 = 0.186250
r0.46 = 0.207822
r0.47 = 0.207822
r0.48 = 0.207822
r0.49 = 0.207822
r0.50 = 0.207822
r0.51 = 0.207822
r0.52 = 0.233799
r0.53 = 0.269737
r0.54 = 0.291484
r0.55 = 0.291484
r0.56 = 0.291484
r0.57 = 0.291484
r0.58 = 0.291484
r0.59 = 0.291484
r0.60 = 0.291484
r0.61 = 0.291484
r0.62 = 0.291484
r0.63 = 0.291484
r0.64 = 0.291484
r0.65 = 0.348421
r0.66 = 0.348421
r0.67 = 0.348421
r0.68 = 0.427522
r0.69 = 0.427522
r0.70 = 0.427522
r0.71 = 0.427522
r0.72 = 0.427522
r0.73 = 0.427522
r0.74 = 0.427522
r0.75 = 0.427522
r0.76 = 0.427522
r0.77 = 0.427522
r0.78 = 0.427522
r0.79 = 0.427522
r0.80 = 0.427522
r0.81 = 0.427522
r0.82 = 0.427522
r0.83 = 0.427522
r0.84 = 0.427522
r0.85 = 0.544737
r0.86 = 0.544737
r0.87 = 0.544737
r0.88 = 0.544737
r0.89 = 0.714803
r0.90 = 0.714803
r0.91 = 0.714803
r0.92 = 0.714803
r0.93 = 0.714803
r0.94 = 0.714803
r0.95 = 0.714803
r0.96 = 0.714803
r0.97 = 0.714803
r0.98 = 0.714803
r0.99 = 0.714803
r1.00 = 1.000000
rr0 = 0.839254
rr1 = 0.590351
