t0.00 = 1838.580000
t0.01 = 0.251210
t0.02 = 0.256444
t0.03 = 0.263807
t0.04 = 0.279312
t0.05 = 0.279312
t0.06 = 0.279312
t0.07 = 0.280484
t0.08 = 0.280484
t0.09 = 0.295826
t0.10 = 0.302357
t0.11 = 0.328554
t0.12 = 0.340602
t0.13 = 0.340602
t0.14 = 0.340602
t0.15 = 0.393640
t0.16 = 0.393640
t0.17 = 0.393640
t0.18 = 0.393640
t0.19 = 0.399454
t0.20 = 0.399454
t0.21 = 0.399454
t0.22 = 0.399454
t0.23 = 0.399454
t0.24 = 0.399454
t0.25 = 0.399454
t0.26 = 0.399454
t0.27 = 0.399454
t0.28 = 0.399454
t0.29 = 0.399454
t0.30 = 0.399454
t0.31 = 0.399454
t0.32 = 0.399454
t0.33 = 0.399454
t0.34 = 0.377846
t0.35 = 0.377846
t0.36 = 0.377846
t0.37 = 0.353831
t0.38 = 0.353831
t0.39 = 0.353831
t0.40 = 0.349465
t0.41 = 0.349465
t0.42 = 0.349465
t0.43 = 0.349465
t0.44 = 0.349465
t0.45 = 0.349465
t0.46 = 0.349465
t0.47 = 0.349465
t0.48 = 0.349465
t0.49 = 0.349465
t0.50 = 0.349465
t0.51 = 0.349465
t0.52 = 0.401472
t0.53 = 0.401472
t0.54 = 0.401472
t0.55 = 0.401472
t0.56 = 0.401472
t0.57 = 0.401472
t0.58 = 0.401472
t0.59 = 0.401472
t0.60 = 0.401472
t0.61 = 0.401472
t0.62 = 0.401472
t0.63 = 0.401472
t0.64 = 0.401472
t0.65 = 0.401472
t0.66 = 0.401472
t0.67 = 0.401472
t0.68 = 0.401472
t0.69 = 0.426140
t0.70 = 0.426140
t0.71 = 0.426140
t0.72 = 0.426140
t0.73 = 0.426140
t0.74 = 0.426140
t0.75 = 0.426140
t0.76 = 0.426140
t0.77 = 0.426140
t0.78 = 0.426140
t0.79 = 0.426140
t0.80 = 0.426140
t0.81 = 0.426140
t0.82 = 0.426140
t0.83 = 0.426140
t0.84 = 0.426140
t0.85 = 0.426140
t0.86 = 0.426140
t0.87 = 0.535318
t0.88 = 0.535318
t0.89 = 0.535318
t0.90 = 0.535318
t0.91 = 0.535318
t0.92 = 0.486243
t0.93 = 0.486243
t0.94 = 0.486243
t0.95 = 0.486243
t0.96 = 0.735452
t0.97 = 0.735452
t0.98 = 0.735452
t0.99 = 0.735452
t1.00 = 0.784214
tr0 = 0.784214
tr1 = 0.686689
r0.00 = 2344.487462
r0.01 = 0.320334
r0.02 = 0.327007
r0.03 = 0.336397
r0.04 = 0.356168
r0.05 = 0.356168
r0.06 = 0.356168
r0.07 = 0.357663
r0.08 = 0.357663
r0.09 = 0.377226
r0.10 = 0.385554
r0.11 = 0.418959
r0.12 = 0.434323
r0.13 = 0.434323
r0.14 = 0.434323
r0.15 = 0.501955
r0.16 = 0.501955
r0.17 = 0.501955
r0.18 = 0.501955
r0.19 = 0.509368
r0.20 = 0.509368
r0.21 = 0.509368
r0.22 = 0.509368
r0.23 = 0.509368
r0.24 = 0.509368
r0.25 = 0.509368
r0.26 = 0.509368
r0.27 = 0.509368
r0.28 = 0.509368
r0.29 = 0.509368
r0.30 = 0.509368
r0.31 = 0.509368
r0.32 = 0.509368
r0.33 = 0.509368
r0.34 = 0.481815
r0.35 = 0.481815
r0.36 = 0.481815
r0.37 = 0.451192
r0.38 = 0.451192
r0.39 = 0.451192
r0.40 = 0.445624
r0.41 = 0.445624
r0.42 = 0.445624
r0.43 = 0.445624
r0.44 = 0.445624
r0.45 = 0.445624
r0.46 = 0.445624
r0.47 = 0.445624
r0.48 = 0.445624
r0.49 = 0.445624
r0.50 = 0.445624
r0.51 = 0.445624
r0.52 = 0.511941
r0.53 = 0.511941
r0.54 = 0.511941
r0.55 = 0.511941
r0.56 = 0.511941
r0.57 = 0.511941
r0.58 = 0.511941
r0.59 = 0.511941
r0.60 = 0.511941
r0.61 = 0.511941
r0.62 = 0.511941
r0.63 = 0.511941
r0.64 = 0.511941
r0.65 = 0.511941
r0.66 = 0.511941
r0.67 = 0.511941
r0.68 = 0.511941
r0.69 = 0.543398
r0.70 = 0.543398
r0.71 = 0.543398
r0.72 = 0.543398
r0.73 = 0.543398
r0.74 = 0.543398
r0.75 = 0.543398
r0.76 = 0.543398
r0.77 = 0.543398
r0.78 = 0.543398
r0.79 = 0.543398
r0.80 = 0.543398
r0.81 = 0.543398
r0.82 = 0.543398
r0.83 = 0.543398
r0.84 = 0.543398
r0.85 = 0.543398
r0.86 = 0.543398
r0.87 = 0.682617
r0.88 = 0.682617
r0.89 = 0.682617
r0.90 = 0.682617
r0.91 = 0.682617
r0.92 = 0.620039
r0.93 = 0.620039
r0.94 = 0.620039
r0.95 = 0.620039
r0.96 = 0.937820
r0.97 = 0.937820
r0.98 = 0.937820
r0.99 = 0.937820
r1.00 = 1.000000
rr0 = 1.000000
rr1 = 0.875640
