t0.00 = 7.040816
t0.01 = 0.006073
t0.02 = 0.014612
t0.03 = 0.016628
t0.04 = 0.032300
t0.05 = 0.036742
t0.06 = 0.036742
t0.07 = 0.040289
t0.08 = 0.041988
t0.09 = 0.041988
t0.10 = 0.043387
t0.11 = 0.050204
t0.12 = 0.050204
t0.13 = 0.056704
t0.14 = 0.066009
t0.15 = 0.074249
t0.16 = 0.090663
t0.17 = 0.099254
t0.18 = 0.105183
t0.19 = 0.105183
t0.20 = 0.105183
t0.21 = 0.127812
t0.22 = 0.127812
t0.23 = 0.127812
t0.24 = 0.138064
t0.25 = 0.150758
t0.26 = 0.150758
t0.27 = 0.164859
t0.28 = 0.164859
t0.29 = 0.164859
t0.30 = 0.164859
t0.31 = 0.164859
t0.32 = 0.164859
t0.33 = 0.164859
t0.34 = 0.164859
t0.35 = 0.177291
t0.36 = 0.177291
t0.37 = 0.177291
t0.38 = 0.186626
t0.39 = 0.203766
t0.40 = 0.203766
t0.41 = 0.203766
t0.42 = 0.203766
t0.43 = 0.203766
t0.44 = 0.203766
t0.45 = 0.203766
t0.46 = 0.203766
t0.47 = 0.203766
t0.48 = 0.203766
t0.49 = 0.203766
t0.50 = 0.203766
t0.51 = 0.203766
t0.52 = 0.203766
t0.53 = 0.203766
t0.54 = 0.203766
t0.55 = 0.203766
t0.56 = 0.218478
t0.57 = 0.218478
t0.58 = 0.236554
t0.59 = 0.236554
t0.60 = 0.236554
t0.61 = 0.236554
t0.62 = 0.236554
t0.63 = 0.236554
t0.64 = 0.264005
t0.65 = 0.264005
t0.66 = 0.264005
t0.67 = 0.264005
t0.68 = 0.316806
t0.69 = 0.316806
t0.70 = 0.316806
t0.71 = 0.316806
t0.72 = 0.316806
t0.73 = 0.316806
t0.74 = 0.353770
t0.75 = 0.353770
t0.76 = 0.353770
t0.77 = 0.353770
t0.78 = 0.353770
t0.79 = 0.353770
t0.80 = 0.477800
t0.81 = 0.556376
t0.82 = 0.556376
t0.83 = 0.556376
t0.84 = 0.556376
t0.85 = 0.556376
t0.86 = 0.556376
t0.87 = 0.556376
t0.88 = 0.556376
t0.89 = 0.556376
t0.90 = 0.556376
t0.91 = 0.556376
t0.92 = 0.556376
t0.93 = 0.556376
t0.94 = 0.556376
t0.95 = 0.556376
t0.96 = 0.556376
t0.97 = 0.556376
t0.98 = 0.556376
t0.99 = 0.556376
t1.00 = 0.755469
tr0 = 0.697492
tr1 = 0.415259
r0.00 = 9.319800
r0.01 = 0.008039
r0.02 = 0.019342
r0.03 = 0.022010
r0.04 = 0.042755
r0.05 = 0.048635
r0.06 = 0.048635
r0.07 = 0.053330
r0.08 = 0.055578
r0.09 = 0.055578
r0.10 = 0.057431
r0.11 = 0.066454
r0.12 = 0.066454
r0.13 = 0.075058
r0.14 = 0.087374
r0.15 = 0.098282
r0.16 = 0.120009
r0.17 = 0.131381
r0.18 = 0.139229
r0.19 = 0.139229
r0.20 = 0.139229
r0.21 = 0.169183
r0.22 = 0.169183
r0.23 = 0.169183
r0.24 = 0.182753
r0.25 = 0.199556
r0.26 = 0.199556
r0.27 = 0.218220
r0.28 = 0.218220
r0.29 = 0.218220
r0.30 = 0.218220
r0.31 = 0.218220
r0.32 = 0.218220
r0.33 = 0.218220
r0.34 = 0.218220
r0.35 = 0.234677
r0.36 = 0.234677
r0.37 = 0.234677
r0.38 = 0.247034
r0.39 = 0.269722
r0.40 = 0.269722
r0.41 = 0.269722
r0.42 = 0.269722
r0.43 = 0.269722
r0.44 = 0.269722
r0.45 = 0.269722
r0.46 = 0.269722
r0.47 = 0.269722
r0.48 = 0.269722
r0.49 = 0.269722
r0.50 = 0.269722
r0.51 = 0.269722
r0.52 = 0.269722
r0.53 = 0.269722
r0.54 = 0.269722
r0.55 = 0.269722
r0.56 = 0.289195
r0.57 = 0.289195
r0.58 = 0.313122
r0.59 = 0.313122
r0.60 = 0.313122
r0.61 = 0.313122
r0.62 = 0.313122
r0.63 = 0.313122
r0.64 = 0.349459
r0.65 = 0.349459
r0.66 = 0.349459
r0.67 = 0.349459
r0.68 = 0.419350
r0.69 = 0.419350
r0.70 = 0.419350
r0.71 = 0.419350
r0.72 = 0.419350
r0.73 = 0.419350
r0.74 = 0.468279
r0.75 = 0.468279
r0.76 = 0.468279
r0.77 = 0.468279
r0.78 = 0.468279
r0.79 = 0.468279
r0.80 = 0.632454
r0.81 = 0.736464
r0.82 = 0.736464
r0.83 = 0.736464
r0.84 = 0.736464
r0.85 = 0.736464
r0.86 = 0.736464
r0.87 = 0.736464
r0.88 = 0.736464
r0.89 = 0.736464
r0.90 = 0.736464
r0.91 = 0.736464
r0.92 = 0.736464
r0.93 = 0.736464
r0.94 = 0.736464
r0.95 = 0.736464
r0.96 = 0.736464
r0.97 = 0.736464
r0.98 = 0.736464
r0.99 = 0.736464
r1.00 = 1.000000
rr0 = 0.923258
rr1 = 0.549670
