t0.00 = 0.000000
t0.01 = 0.000011
t0.02 = 0.000011
t0.03 = 0.000207
t0.04 = 0.000207
t0.05 = 0.000593
t0.06 = 0.000866
t0.07 = 0.001791
t0.08 = 0.002193
t0.09 = 0.002696
t0.10 = 0.002696
t0.11 = 0.002696
t0.12 = 0.003386
t0.13 = 0.004187
t0.14 = 0.004707
t0.15 = 0.005720
t0.16 = 0.005720
t0.17 = 0.005720
t0.18 = 0.006970
t0.19 = 0.006970
t0.20 = 0.011962
t0.21 = 0.013301
t0.22 = 0.017823
t0.23 = 0.017823
t0.24 = 0.017823
t0.25 = 0.017823
t0.26 = 0.020032
t0.27 = 0.021835
t0.28 = 0.021835
t0.29 = 0.021835
t0.30 = 0.021835
t0.31 = 0.025811
t0.32 = 0.025811
t0.33 = 0.029809
t0.34 = 0.029809
t0.35 = 0.038337
t0.36 = 0.038337
t0.37 = 0.038337
t0.38 = 0.045206
t0.39 = 0.062281
t0.40 = 0.062281
t0.41 = 0.080304
t0.42 = 0.080304
t0.43 = 0.097316
t0.44 = 0.114689
t0.45 = 0.114689
t0.46 = 0.114689
t0.47 = 0.114689
t0.48 = 0.114689
t0.49 = 0.114689
t0.50 = 0.114689
t0.51 = 0.114689
t0.52 = 0.114689
t0.53 = 0.147830
t0.54 = 0.147830
t0.55 = 0.253078
t0.56 = 0.253078
t0.57 = 0.253078
t0.58 = 0.253078
t0.59 = 0.253078
t0.60 = 0.253078
t0.61 = 0.253078
t0.62 = 0.253078
t0.63 = 0.253078
t0.64 = 0.253078
t0.65 = 0.253078
t0.66 = 0.253078
t0.67 = 0.253078
t0.68 = 0.253078
t0.69 = 0.253078
t0.70 = 0.253078
t0.71 = 0.253078
t0.72 = 0.253078
t0.73 = 0.253078
t0.74 = 0.253078
t0.75 = 0.253078
t0.76 = 0.253078
t0.77 = 0.253078
t0.78 = 0.253078
t0.79 = 0.253078
t0.80 = 0.253078
t0.81 = 0.253078
t0.82 = 0.253078
t0.83 = 0.253078
t0.84 = 0.253078
t0.85 = 0.253078
t0.86 = 0.253078
t0.87 = 0.253078
t0.88 = 0.253078
t0.89 = 0.253078
t0.90 = 0.253078
t0.91 = 0.253078
t0.92 = 0.253078
t0.93 = 0.253078
t0.94 = 0.253078
t0.95 = 0.253078
t0.96 = 0.253078
t0.97 = 0.253078
t0.98 = 0.425785
t0.99 = 0.425785
t1.00 = 0.888504
tr0 = 0.374423
tr1 = 0.477147
r0.00 = 0.000000
r0.01 = 0.000013
r0.02 = 0.000013
r0.03 = 0.000233
r0.04 = 0.000233
r0.05 = 0.000667
r0.06 = 0.000974
r0.07 = 0.002015
r0.08 = 0.002468
r0.09 = 0.003034
r0.10 = 0.003034
r0.11 = 0.003034
r0.12 = 0.003811
r0.13 = 0.004712
r0.14 = 0.005298
r0.15 = 0.006437
r0.16 = 0.006437
r0.17 = 0.006437
r0.18 = 0.007844
r0.19 = 0.007844
r0.20 = 0.013463
r0.21 = 0.014970
r0.22 = 0.020060
r0.23 = 0.020060
r0.24 = 0.020060
r0.25 = 0.020060
r0.26 = 0.022546
r0.27 = 0.024575
r0.28 = 0.024575
r0.29 = 0.024575
r0.30 = 0.024575
r0.31 = 0.029050
r0.32 = 0.029050
r0.33 = 0.033550
r0.34 = 0.033550
r0.35 = 0.043148
r0.36 = 0.043148
r0.37 = 0.043148
r0.38 = 0.050879
r0.39 = 0.070096
r0.40 = 0.070096
r0.41 = 0.090381
r0.42 = 0.090381
r0.43 = 0.109528
r0.44 = 0.129081
r0.45 = 0.129081
r0.46 = 0.129081
r0.47 = 0.129081
r0.48 = 0.129081
r0.49 = 0.129081
r0.50 = 0.129081
r0.51 = 0.129081
r0.52 = 0.129081
r0.53 = 0.166381
r0.54 = 0.166381
r0.55 = 0.284836
r0.56 = 0.284836
r0.57 = 0.284836
r0.58 = 0.284836
r0.59 = 0.284836
r0.60 = 0.284836
r0.61 = 0.284836
r0.62 = 0.284836
r0.63 = 0.284836
r0.64 = 0.284836
r0.65 = 0.284836
r0.66 = 0.284836
r0.67 = 0.284836
r0.68 = 0.284836
r0.69 = 0.284836
r0.70 = 0.284836
r0.71 = 0.284836
r0.72 = 0.284836
r0.73 = 0.284836
r0.74 = 0.284836
r0.75 = 0.284836
r0.76 = 0.284836
r0.77 = 0.284836
r0.78 = 0.284836
r0.79 = 0.284836
r0.80 = 0.284836
r0.81 = 0.284836
r0.82 = 0.284836
r0.83 = 0.284836
r0.84 = 0.284836
r0.85 = 0.284836
r0.86 = 0.284836
r0.87 = 0.284836
r0.88 = 0.284836
r0.89 = 0.284836
r0.90 = 0.284836
r0.91 = 0.284836
r0.92 = 0.284836
r0.93 = 0.284836
r0.94 = 0.284836
r0.95 = 0.284836
r0.96 = 0.284836
r0.97 = 0.284836
r0.98 = 0.479215
r0.99 = 0.479215
r1.00 = 1.000000
rr0 = 0.421408
rr1 = 0.537023
