t0.00 = 0.000000
t0.01 = 0.009634
t0.02 = 0.013948
t0.03 = 0.023042
t0.04 = 0.043788
t0.05 = 0.059452
t0.06 = 0.080600
t0.07 = 0.080600
t0.08 = 0.090610
t0.09 = 0.098849
t0.10 = 0.101609
t0.11 = 0.110592
t0.12 = 0.110592
t0.13 = 0.120856
t0.14 = 0.120856
t0.15 = 0.120856
t0.16 = 0.120856
t0.17 = 0.120856
t0.18 = 0.123068
t0.19 = 0.123068
t0.20 = 0.180600
t0.21 = 0.192249
t0.22 = 0.192249
t0.23 = 0.192249
t0.24 = 0.192249
t0.25 = 0.192249
t0.26 = 0.192249
t0.27 = 0.192249
t0.28 = 0.214093
t0.29 = 0.239569
t0.30 = 0.239569
t0.31 = 0.239569
t0.32 = 0.239569
t0.33 = 0.239569
t0.34 = 0.239569
t0.35 = 0.239569
t0.36 = 0.271807
t0.37 = 0.292098
t0.38 = 0.292098
t0.39 = 0.292098
t0.40 = 0.292098
t0.41 = 0.292098
t0.42 = 0.292098
t0.43 = 0.309700
t0.44 = 0.309700
t0.45 = 0.309700
t0.46 = 0.309700
t0.47 = 0.309700
t0.48 = 0.309700
t0.49 = 0.309700
t0.50 = 0.309700
t0.51 = 0.309700
t0.52 = 0.309700
t0.53 = 0.309700
t0.54 = 0.309700
t0.55 = 0.309700
t0.56 = 0.404602
t0.57 = 0.404602
t0.58 = 0.404602
t0.59 = 0.542492
t0.60 = 0.542492
t0.61 = 0.542492
t0.62 = 0.542492
t0.63 = 0.542492
t0.64 = 0.542492
t0.65 = 0.542492
t0.66 = 0.542492
t0.67 = 0.542492
t0.68 = 0.542492
t0.69 = 0.542492
t0.70 = 0.542492
t0.71 = 0.542492
t0.72 = 0.542492
t0.73 = 0.542492
t0.74 = 0.542492
t0.75 = 0.542492
t0.76 = 0.542492
t0.77 = 0.542492
t0.78 = 0.542492
t0.79 = 0.542492
t0.80 = 0.542492
t0.81 = 0.542492
t0.82 = 0.542492
t0.83 = 0.542492
t0.84 = 0.542492
t0.85 = 0.542492
t0.86 = 0.542492
t0.87 = 0.542492
t0.88 = 0.542492
t0.89 = 0.542492
t0.90 = 0.542492
t0.91 = 0.542492
t0.92 = 0.542492
t0.93 = 0.542492
t0.94 = 0.542492
t0.95 = 0.542492
t0.96 = 0.542492
t0.97 = 0.542492
t0.98 = 0.542492
t0.99 = 0.542492
t1.00 = 0.819266
tr0 = 0.311094
tr1 = 0.773890
r0.00 = 0.000000
r0.01 = 0.011760
r0.02 = 0.017025
r0.03 = 0.028126
r0.04 = 0.053448
r0.05 = 0.072567
r0.06 = 0.098381
r0.07 = 0.098381
r0.08 = 0.110599
r0.09 = 0.120655
r0.10 = 0.124025
r0.11 = 0.134989
r0.12 = 0.134989
r0.13 = 0.147517
r0.14 = 0.147517
r0.15 = 0.147517
r0.16 = 0.147517
r0.17 = 0.147517
r0.18 = 0.150218
r0.19 = 0.150218
r0.20 = 0.220441
r0.21 = 0.234661
r0.22 = 0.234661
r0.23 = 0.234661
r0.24 = 0.234661
r0.25 = 0.234661
r0.26 = 0.234661
r0.27 = 0.234661
r0.28 = 0.261324
r0.29 = 0.292420
r0.30 = 0.292420
r0.31 = 0.292420
r0.32 = 0.292420
r0.33 = 0.292420
r0.34 = 0.292420
r0.35 = 0.292420
r0.36 = 0.331769
r0.37 = 0.356536
r0.38 = 0.356536
r0.39 = 0.356536
r0.40 = 0.356536
r0.41 = 0.356536
r0.42 = 0.356536
r0.43 = 0.378022
r0.44 = 0.378022
r0.45 = 0.378022
r0.46 = 0.378022
r0.47 = 0.378022
r0.48 = 0.378022
r0.49 = 0.378022
r0.50 = 0.378022
r0.51 = 0.378022
r0.52 = 0.378022
r0.53 = 0.378022
r0.54 = 0.378022
r0.55 = 0.378022
r0.56 = 0.493859
r0.57 = 0.493859
r0.58 = 0.493859
r0.59 = 0.662169
r0.60 = 0.662169
r0.61 = 0.662169
r0.62 = 0.662169
r0.63 = 0.662169
r0.64 = 0.662169
r0.65 = 0.662169
r0.66 = 0.662169
r0.67 = 0.662169
r0.68 = 0.662169
r0.69 = 0.662169
r0.70 = 0.662169
r0.71 = 0.662169
r0.72 = 0.662169
r0.73 = 0.662169
r0.74 = 0.662169
r0.75 = 0.662169
r0.76 = 0.662169
r0.77 = 0.662169
r0.78 = 0.662169
r0.79 = 0.662169
r0.80 = 0.662169
r0.81 = 0.662169
r0.82 = 0.662169
r0.83 = 0.662169
r0.84 = 0.662169
r0.85 = 0.662169
r0.86 = 0.662169
r0.87 = 0.662169
r0.88 = 0.662169
r0.89 = 0.662169
r0.90 = 0.662169
r0.91 = 0.662169
r0.92 = 0.662169
r0.93 = 0.662169
r0.94 = 0.662169
r0.95 = 0.662169
r0.96 = 0.662169
r0.97 = 0.662169
r0.98 = 0.662169
r0.99 = 0.662169
r1.00 = 1.000000
rr0 = 0.379723
rr1 = 0.944614
