t0.00 = 1791.702128
t0.01 = 0.302725
t0.02 = 0.315202
t0.03 = 0.323925
t0.04 = 0.323925
t0.05 = 0.327186
t0.06 = 0.340658
t0.07 = 0.345817
t0.08 = 0.364344
t0.09 = 0.371134
t0.10 = 0.379040
t0.11 = 0.404321
t0.12 = 0.409969
t0.13 = 0.430230
t0.14 = 0.436670
t0.15 = 0.436670
t0.16 = 0.436670
t0.17 = 0.436670
t0.18 = 0.453751
t0.19 = 0.453751
t0.20 = 0.453751
t0.21 = 0.453751
t0.22 = 0.453751
t0.23 = 0.453751
t0.24 = 0.454155
t0.25 = 0.449950
t0.26 = 0.449950
t0.27 = 0.449950
t0.28 = 0.449950
t0.29 = 0.449950
t0.30 = 0.448609
t0.31 = 0.448609
t0.32 = 0.448609
t0.33 = 0.448609
t0.34 = 0.452184
t0.35 = 0.452184
t0.36 = 0.452184
t0.37 = 0.452184
t0.38 = 0.452184
t0.39 = 0.452184
t0.40 = 0.452184
t0.41 = 0.523916
t0.42 = 0.523916
t0.43 = 0.523916
t0.44 = 0.523916
t0.45 = 0.509181
t0.46 = 0.509181
t0.47 = 0.509181
t0.48 = 0.509181
t0.49 = 0.509181
t0.50 = 0.509181
t0.51 = 0.509181
t0.52 = 0.509181
t0.53 = 0.509181
t0.54 = 0.509181
t0.55 = 0.509181
t0.56 = 0.481795
t0.57 = 0.481795
t0.58 = 0.481795
t0.59 = 0.481795
t0.60 = 0.481795
t0.61 = 0.481795
t0.62 = 0.481795
t0.63 = 0.481795
t0.64 = 0.481795
t0.65 = 0.481795
t0.66 = 0.481795
t0.67 = 0.481795
t0.68 = 0.481795
t0.69 = 0.481795
t0.70 = 0.481795
t0.71 = 0.481795
t0.72 = 0.481795
t0.73 = 0.481795
t0.74 = 0.481795
t0.75 = 0.481795
t0.76 = 0.481795
t0.77 = 0.481795
t0.78 = 0.481795
t0.79 = 0.481795
t0.80 = 0.481795
t0.81 = 0.454425
t0.82 = 0.454425
t0.83 = 0.454425
t0.84 = 0.454425
t0.85 = 0.454425
t0.86 = 0.687830
t0.87 = 0.687830
t0.88 = 0.687830
t0.89 = 0.687830
t0.90 = 0.687830
t0.91 = 0.687830
t0.92 = 0.687830
t0.93 = 0.687830
t0.94 = 0.687830
t0.95 = 0.687830
t0.96 = 0.687830
t0.97 = 0.687830
t0.98 = 0.687830
t0.99 = 0.687830
t1.00 = 0.766017
tr0 = 0.672886
tr1 = 0.702774
r0.00 = 2338.984282
r0.01 = 0.395194
r0.02 = 0.411482
r0.03 = 0.422869
r0.04 = 0.422869
r0.05 = 0.427126
r0.06 = 0.444714
r0.07 = 0.451449
r0.08 = 0.475634
r0.09 = 0.484498
r0.10 = 0.494819
r0.11 = 0.527822
r0.12 = 0.535196
r0.13 = 0.561646
r0.14 = 0.570052
r0.15 = 0.570052
r0.16 = 0.570052
r0.17 = 0.570052
r0.18 = 0.592351
r0.19 = 0.592351
r0.20 = 0.592351
r0.21 = 0.592351
r0.22 = 0.592351
r0.23 = 0.592351
r0.24 = 0.592879
r0.25 = 0.587390
r0.26 = 0.587390
r0.27 = 0.587390
r0.28 = 0.587390
r0.29 = 0.587390
r0.30 = 0.585639
r0.31 = 0.585639
r0.32 = 0.585639
r0.33 = 0.585639
r0.34 = 0.590306
r0.35 = 0.590306
r0.36 = 0.590306
r0.37 = 0.590306
r0.38 = 0.590306
r0.39 = 0.590306
r0.40 = 0.590306
r0.41 = 0.683948
r0.42 = 0.683948
r0.43 = 0.683948
r0.44 = 0.683948
r0.45 = 0.664712
r0.46 = 0.664712
r0.47 = 0.664712
r0.48 = 0.664712
r0.49 = 0.664712
r0.50 = 0.664712
r0.51 = 0.664712
r0.52 = 0.664712
r0.53 = 0.664712
r0.54 = 0.664712
r0.55 = 0.664712
r0.56 = 0.628961
r0.57 = 0.628961
r0.58 = 0.628961
r0.59 = 0.628961
r0.60 = 0.628961
r0.61 = 0.628961
r0.62 = 0.628961
r0.63 = 0.628961
r0.64 = 0.628961
r0.65 = 0.628961
r0.66 = 0.628961
r0.67 = 0.628961
r0.68 = 0.628961
r0.69 = 0.628961
r0.70 = 0.628961
r0.71 = 0.628961
r0.72 = 0.628961
r0.73 = 0.628961
r0.74 = 0.628961
r0.75 = 0.628961
r0.76 = 0.628961
r0.77 = 0.628961
r0.78 = 0.628961
r0.79 = 0.628961
r0.80 = 0.628961
r0.81 = 0.593231
r0.82 = 0.593231
r0.83 = 0.593231
r0.84 = 0.593231
r0.85 = 0.593231
r0.86 = 0.897931
r0.87 = 0.897931
r0.88 = 0.897931
r0.89 = 0.897931
r0.90 = 0.897931
r0.91 = 0.897931
r0.92 = 0.897931
r0.93 = 0.897931
r0.94 = 0.897931
r0.95 = 0.897931
r0.96 = 0.897931
r0.97 = 0.897931
r0.98 = 0.897931
r0.99 = 0.897931
r1.00 = 1.000000
rr0 = 0.878422
rr1 = 0.917439
