t0.00 = 1759.958333
t0.01 = 0.257214
t0.02 = 0.259750
t0.03 = 0.279130
t0.04 = 0.284501
t0.05 = 0.336953
t0.06 = 0.356375
t0.07 = 0.356375
t0.08 = 0.356375
t0.09 = 0.361144
t0.10 = 0.462106
t0.11 = 0.493865
t0.12 = 0.505242
t0.13 = 0.505242
t0.14 = 0.505242
t0.15 = 0.515792
t0.16 = 0.532626
t0.17 = 0.532626
t0.18 = 0.550268
t0.19 = 0.550268
t0.20 = 0.614938
t0.21 = 0.614938
t0.22 = 0.614938
t0.23 = 0.614938
t0.24 = 0.614938
t0.25 = 0.665700
t0.26 = 0.665700
t0.27 = 0.665700
t0.28 = 0.665700
t0.29 = 0.665700
t0.30 = 0.665700
t0.31 = 0.675344
t0.32 = 0.675344
t0.33 = 0.685328
t0.34 = 0.685328
t0.35 = 0.685328
t0.36 = 0.685328
t0.37 = 0.685328
t0.38 = 0.685328
t0.39 = 0.685328
t0.40 = 0.685328
t0.41 = 0.685328
t0.42 = 0.685328
t0.43 = 0.732052
t0.44 = 0.732052
t0.45 = 0.732052
t0.46 = 0.732052
t0.47 = 0.732052
t0.48 = 0.732052
t0.49 = 0.732052
t0.50 = 0.732052
t0.51 = 0.732052
t0.52 = 0.732052
t0.53 = 0.732052
t0.54 = 0.732052
t0.55 = 0.732052
t0.56 = 0.732052
t0.57 = 0.732052
t0.58 = 0.732052
t0.59 = 0.732052
t0.60 = 0.732052
t0.61 = 0.732052
t0.62 = 0.732052
t0.63 = 0.732052
t0.64 = 0.732052
t0.65 = 0.732052
t0.66 = 0.732052
t0.67 = 0.732052
t0.68 = 0.732052
t0.69 = 0.732052
t0.70 = 0.732052
t0.71 = 0.732052
t0.72 = 0.732052
t0.73 = 0.732052
t0.74 = 0.732052
t0.75 = 0.732052
t0.76 = 0.732052
t0.77 = 0.732052
t0.78 = 0.732052
t0.79 = 0.732052
t0.80 = 0.732052
t0.81 = 0.732052
t0.82 = 0.732052
t0.83 = 0.732052
t0.84 = 0.732052
t0.85 = 0.732052
t0.86 = 0.732052
t0.87 = 0.732052
t0.88 = 0.732052
t0.89 = 0.732052
t0.90 = 0.732052
t0.91 = 0.732052
t0.92 = 0.732052
t0.93 = 0.732052
t0.94 = 0.732052
t0.95 = 0.732052
t0.96 = 0.732052
t0.97 = 0.732052
t0.98 = 0.732052
t0.99 = 0.732052
t1.00 = 0.737346
tr0 = 0.732995
tr1 = 0.731109
r0.00 = 2386.882909
r0.01 = 0.348837
r0.02 = 0.352277
r0.03 = 0.378560
r0.04 = 0.385844
r0.05 = 0.456981
r0.06 = 0.483322
r0.07 = 0.483322
r0.08 = 0.483322
r0.09 = 0.489789
r0.10 = 0.626716
r0.11 = 0.669788
r0.12 = 0.685217
r0.13 = 0.685217
r0.14 = 0.685217
r0.15 = 0.699525
r0.16 = 0.722355
r0.17 = 0.722355
r0.18 = 0.746282
r0.19 = 0.746282
r0.20 = 0.833989
r0.21 = 0.833989
r0.22 = 0.833989
r0.23 = 0.833989
r0.24 = 0.833989
r0.25 = 0.902832
r0.26 = 0.902832
r0.27 = 0.902832
r0.28 = 0.902832
r0.29 = 0.902832
r0.30 = 0.902832
r0.31 = 0.915913
r0.32 = 0.915913
r0.33 = 0.929452
r0.34 = 0.929452
r0.35 = 0.929452
r0.36 = 0.929452
r0.37 = 0.929452
r0.38 = 0.929452
r0.39 = 0.929452
r0.40 = 0.929452
r0.41 = 0.929452
r0.42 = 0.929452
r0.43 = 0.992821
r0.44 = 0.992821
r0.45 = 0.992821
r0.46 = 0.992821
r0.47 = 0.992821
r0.48 = 0.992821
r0.49 = 0.992821
r0.50 = 0.992821
r0.51 = 0.992821
r0.52 = 0.992821
r0.53 = 0.992821
r0.54 = 0.992821
r0.55 = 0.992821
r0.56 = 0.992821
r0.57 = 0.992821
r0.58 = 0.992821
r0.59 = 0.992821
r0.60 = 0.992821
r0.61 = 0.992821
r0.62 = 0.992821
r0.63 = 0.992821
r0.64 = 0.992821
r0.65 = 0.992821
r0.66 = 0.992821
r0.67 = 0.992821
r0.68 = 0.992821
r0.69 = 0.992821
r0.70 = 0.992821
r0.71 = 0.992821
r0.72 = 0.992821
r0.73 = 0.992821
r0.74 = 0.992821
r0.75 = 0.992821
r0.76 = 0.992821
r0.77 = 0.992821
r0.78 = 0.992821
r0.79 = 0.992821
r0.80 = 0.992821
r0.81 = 0.992821
r0.82 = 0.992821
r0.83 = 0.992821
r0.84 = 0.992821
r0.85 = 0.992821
r0.86 = 0.992821
r0.87 = 0.992821
r0.88 = 0.992821
r0.89 = 0.992821
r0.90 = 0.992821
r0.91 = 0.992821
r0.92 = 0.992821
r0.93 = 0.992821
r0.94 = 0.992821
r0.95 = 0.992821
r0.96 = 0.992821
r0.97 = 0.992821
r0.98 = 0.992821
r0.99 = 0.992821
r1.00 = 1.000000
rr0 = 0.994099
rr1 = 0.991542
