t0.00 = 273.800000
t0.01 = 0.046027
t0.02 = 0.050129
t0.03 = 0.056361
t0.04 = 0.059928
t0.05 = 0.059928
t0.06 = 0.068188
t0.07 = 0.068617
t0.08 = 0.069388
t0.09 = 0.069388
t0.10 = 0.069388
t0.11 = 0.072599
t0.12 = 0.072599
t0.13 = 0.077162
t0.14 = 0.077162
t0.15 = 0.080610
t0.16 = 0.085926
t0.17 = 0.085926
t0.18 = 0.085926
t0.19 = 0.089108
t0.20 = 0.092053
t0.21 = 0.102367
t0.22 = 0.107790
t0.23 = 0.107790
t0.24 = 0.107790
t0.25 = 0.114052
t0.26 = 0.114052
t0.27 = 0.114052
t0.28 = 0.131895
t0.29 = 0.140498
t0.30 = 0.149864
t0.31 = 0.153916
t0.32 = 0.153916
t0.33 = 0.153916
t0.34 = 0.153916
t0.35 = 0.153916
t0.36 = 0.153916
t0.37 = 0.153916
t0.38 = 0.190456
t0.39 = 0.190456
t0.40 = 0.180593
t0.41 = 0.180593
t0.42 = 0.180593
t0.43 = 0.180593
t0.44 = 0.180593
t0.45 = 0.208132
t0.46 = 0.208132
t0.47 = 0.208132
t0.48 = 0.208132
t0.49 = 0.208132
t0.50 = 0.208132
t0.51 = 0.208132
t0.52 = 0.208132
t0.53 = 0.208132
t0.54 = 0.208132
t0.55 = 0.208132
t0.56 = 0.208132
t0.57 = 0.208132
t0.58 = 0.208132
t0.59 = 0.219830
t0.60 = 0.219830
t0.61 = 0.219830
t0.62 = 0.219830
t0.63 = 0.219830
t0.64 = 0.219830
t0.65 = 0.219830
t0.66 = 0.219830
t0.67 = 0.219830
t0.68 = 0.219830
t0.69 = 0.219830
t0.70 = 0.219830
t0.71 = 0.219830
t0.72 = 0.219830
t0.73 = 0.219830
t0.74 = 0.256645
t0.75 = 0.256645
t0.76 = 0.256645
t0.77 = 0.256645
t0.78 = 0.256645
t0.79 = 0.309453
t0.80 = 0.365146
t0.81 = 0.365146
t0.82 = 0.378687
t0.83 = 0.378687
t0.84 = 0.378687
t0.85 = 0.378687
t0.86 = 0.378687
t0.87 = 0.378687
t0.88 = 0.378687
t0.89 = 0.378687
t0.90 = 0.378687
t0.91 = 0.378687
t0.92 = 0.378687
t0.93 = 0.378687
t0.94 = 0.429931
t0.95 = 0.429931
t0.96 = 0.429931
t0.97 = 0.429931
t0.98 = 0.429931
t0.99 = 0.429931
t1.00 = 0.718816
tr0 = 0.198883
tr1 = 0.660979
r0.00 = 380.904118
r0.01 = 0.064032
r0.02 = 0.069738
r0.03 = 0.078409
r0.04 = 0.083370
r0.05 = 0.083370
r0.06 = 0.094862
r0.07 = 0.095458
r0.08 = 0.096530
r0.09 = 0.096530
r0.10 = 0.096530
r0.11 = 0.100998
r0.12 = 0.100998
r0.13 = 0.107346
r0.14 = 0.107346
r0.15 = 0.112143
r0.16 = 0.119538
r0.17 = 0.119538
r0.18 = 0.119538
r0.19 = 0.123965
r0.20 = 0.128062
r0.21 = 0.142411
r0.22 = 0.149954
r0.23 = 0.149954
r0.24 = 0.149954
r0.25 = 0.158666
r0.26 = 0.158666
r0.27 = 0.158666
r0.28 = 0.183490
r0.29 = 0.195457
r0.30 = 0.208487
r0.31 = 0.214124
r0.32 = 0.214124
r0.33 = 0.214124
r0.34 = 0.214124
r0.35 = 0.214124
r0.36 = 0.214124
r0.37 = 0.214124
r0.38 = 0.264958
r0.39 = 0.264958
r0.40 = 0.251237
r0.41 = 0.251237
r0.42 = 0.251237
r0.43 = 0.251237
r0.44 = 0.251237
r0.45 = 0.289548
r0.46 = 0.289548
r0.47 = 0.289548
r0.48 = 0.289548
r0.49 = 0.289548
r0.50 = 0.289548
r0.51 = 0.289548
r0.52 = 0.289548
r0.53 = 0.289548
r0.54 = 0.289548
r0.55 = 0.289548
r0.56 = 0.289548
r0.57 = 0.289548
r0.58 = 0.289548
r0.59 = 0.305822
r0.60 = 0.305822
r0.61 = 0.305822
r0.62 = 0.305822
r0.63 = 0.305822
r0.64 = 0.305822
r0.65 = 0.305822
r0.66 = 0.305822
r0.67 = 0.305822
r0.68 = 0.305822
r0.69 = 0.305822
r0.70 = 0.305822
r0.71 = 0.305822
r0.72 = 0.305822
r0.73 = 0.305822
r0.74 = 0.357038
r0.75 = 0.357038
r0.76 = 0.357038
r0.77 = 0.357038
r0.78 = 0.357038
r0.79 = 0.430504
r0.80 = 0.507983
r0.81 = 0.507983
r0.82 = 0.526821
r0.83 = 0.526821
r0.84 = 0.526821
r0.85 = 0.526821
r0.86 = 0.526821
r0.87 = 0.526821
r0.88 = 0.526821
r0.89 = 0.526821
r0.90 = 0.526821
r0.91 = 0.526821
r0.92 = 0.526821
r0.93 = 0.526821
r0.94 = 0.598109
r0.95 = 0.598109
r0.96 = 0.598109
r0.97 = 0.598109
r0.98 = 0.598109
r0.99 = 0.598109
r1.00 = 1.000000
rr0 = 0.276681
rr1 = 0.919538
