t0.00 = 0.000000
t0.01 = 0.000000
t0.02 = 0.000157
t0.03 = 0.000157
t0.04 = 0.000292
t0.05 = 0.000465
t0.06 = 0.000465
t0.07 = 0.000465
t0.08 = 0.000988
t0.09 = 0.000988
t0.10 = 0.001834
t0.11 = 0.002301
t0.12 = 0.003131
t0.13 = 0.003131
t0.14 = 0.003131
t0.15 = 0.004380
t0.16 = 0.004380
t0.17 = 0.004380
t0.18 = 0.004380
t0.19 = 0.005185
t0.20 = 0.006417
t0.21 = 0.006417
t0.22 = 0.007793
t0.23 = 0.008853
t0.24 = 0.011965
t0.25 = 0.011965
t0.26 = 0.011965
t0.27 = 0.011965
t0.28 = 0.011965
t0.29 = 0.015801
t0.30 = 0.015801
t0.31 = 0.015801
t0.32 = 0.018874
t0.33 = 0.021025
t0.34 = 0.027590
t0.35 = 0.031083
t0.36 = 0.047810
t0.37 = 0.052289
t0.38 = 0.052289
t0.39 = 0.052289
t0.40 = 0.052289
t0.41 = 0.052289
t0.42 = 0.060624
t0.43 = 0.060624
t0.44 = 0.068559
t0.45 = 0.068559
t0.46 = 0.068559
t0.47 = 0.081395
t0.48 = 0.081395
t0.49 = 0.095314
t0.50 = 0.095314
t0.51 = 0.095314
t0.52 = 0.118006
t0.53 = 0.151699
t0.54 = 0.151699
t0.55 = 0.151699
t0.56 = 0.151699
t0.57 = 0.191884
t0.58 = 0.191884
t0.59 = 0.191884
t0.60 = 0.191884
t0.61 = 0.191884
t0.62 = 0.191884
t0.63 = 0.191884
t0.64 = 0.191884
t0.65 = 0.191884
t0.66 = 0.191884
t0.67 = 0.261193
t0.68 = 0.261193
t0.69 = 0.261193
t0.70 = 0.261193
t0.71 = 0.261193
t0.72 = 0.261193
t0.73 = 0.261193
t0.74 = 0.418259
t0.75 = 0.418259
t0.76 = 0.418259
t0.77 = 0.418259
t0.78 = 0.418259
t0.79 = 0.418259
t0.80 = 0.418259
t0.81 = 0.418259
t0.82 = 0.418259
t0.83 = 0.418259
t0.84 = 0.418259
t0.85 = 0.418259
t0.86 = 0.418259
t0.87 = 0.418259
t0.88 = 0.418259
t0.89 = 0.418259
t0.90 = 0.418259
t0.91 = 0.418259
t0.92 = 0.418259
t0.93 = 0.418259
t0.94 = 0.418259
t0.95 = 0.418259
t0.96 = 0.418259
t0.97 = 0.418259
t0.98 = 0.418259
t0.99 = 0.418259
t1.00 = 0.877789
tr0 = 0.605513
tr1 = 0.231005
r0.00 = 0.000000
r0.01 = 0.000000
r0.02 = 0.000179
r0.03 = 0.000179
r0.04 = 0.000332
r0.05 = 0.000530
r0.06 = 0.000530
r0.07 = 0.000530
r0.08 = 0.001125
r0.09 = 0.001125
r0.10 = 0.002089
r0.11 = 0.002622
r0.12 = 0.003566
r0.13 = 0.003566
r0.14 = 0.003566
r0.15 = 0.004990
r0.16 = 0.004990
r0.17 = 0.004990
r0.18 = 0.004990
r0.19 = 0.005907
r0.20 = 0.007310
r0.21 = 0.007310
r0.22 = 0.008879
r0.23 = 0.010086
r0.24 = 0.013631
r0.25 = 0.013631
r0.26 = 0.013631
r0.27 = 0.013631
r0.28 = 0.013631
r0.29 = 0.018001
r0.30 = 0.018001
r0.31 = 0.018001
r0.32 = 0.021502
r0.33 = 0.023952
r0.34 = 0.031432
r0.35 = 0.035410
r0.36 = 0.054466
r0.37 = 0.059569
r0.38 = 0.059569
r0.39 = 0.059569
r0.40 = 0.059569
r0.41 = 0.059569
r0.42 = 0.069065
r0.43 = 0.069065
r0.44 = 0.078105
r0.45 = 0.078105
r0.46 = 0.078105
r0.47 = 0.092727
r0.48 = 0.092727
r0.49 = 0.108585
r0.50 = 0.108585
r0.51 = 0.108585
r0.52 = 0.134435
r0.53 = 0.172819
r0.54 = 0.172819
r0.55 = 0.172819
r0.56 = 0.172819
r0.57 = 0.218599
r0.58 = 0.218599
r0.59 = 0.218599
r0.60 = 0.218599
r0.61 = 0.218599
r0.62 = 0.218599
r0.63 = 0.218599
r0.64 = 0.218599
r0.65 = 0.218599
r0.66 = 0.218599
r0.67 = 0.297558
r0.68 = 0.297558
r0.69 = 0.297558
r0.70 = 0.297558
r0.71 = 0.297558
r0.72 = 0.297558
r0.73 = 0.297558
r0.74 = 0.476491
r0.75 = 0.476491
r0.76 = 0.476491
r0.77 = 0.476491
r0.78 = 0.476491
r0.79 = 0.476491
r0.80 = 0.476491
r0.81 = 0.476491
r0.82 = 0.476491
r0.83 = 0.476491
r0.84 = 0.476491
r0.85 = 0.476491
r0.86 = 0.476491
r0.87 = 0.476491
r0.88 = 0.476491
r0.89 = 0.476491
r0.90 = 0.476491
r0.91 = 0.476491
r0.92 = 0.476491
r0.93 = 0.476491
r0.94 = 0.476491
r0.95 = 0.476491
r0.96 = 0.476491
r0.97 = 0.476491
r0.98 = 0.476491
r0.99 = 0.476491
r1.00 = 1.000000
rr0 = 0.689816
rr1 = 0.263167
