t0.00 = 157.634146
t0.01 = 0.031656
t0.02 = 0.037826
t0.03 = 0.043297
t0.04 = 0.050220
t0.05 = 0.056444
t0.06 = 0.059880
t0.07 = 0.059880
t0.08 = 0.070629
t0.09 = 0.070629
t0.10 = 0.091703
t0.11 = 0.091703
t0.12 = 0.095437
t0.13 = 0.109790
t0.14 = 0.138023
t0.15 = 0.138023
t0.16 = 0.138023
t0.17 = 0.138023
t0.18 = 0.144452
t0.19 = 0.155442
t0.20 = 0.164802
t0.21 = 0.164802
t0.22 = 0.164802
t0.23 = 0.164802
t0.24 = 0.172058
t0.25 = 0.185060
t0.26 = 0.185060
t0.27 = 0.185060
t0.28 = 0.185060
t0.29 = 0.208687
t0.30 = 0.208687
t0.31 = 0.208687
t0.32 = 0.208687
t0.33 = 0.208687
t0.34 = 0.208687
t0.35 = 0.236670
t0.36 = 0.236670
t0.37 = 0.248793
t0.38 = 0.248793
t0.39 = 0.248793
t0.40 = 0.248793
t0.41 = 0.248793
t0.42 = 0.248793
t0.43 = 0.248793
t0.44 = 0.264849
t0.45 = 0.264849
t0.46 = 0.293693
t0.47 = 0.334074
t0.48 = 0.334074
t0.49 = 0.334074
t0.50 = 0.334074
t0.51 = 0.334074
t0.52 = 0.334074
t0.53 = 0.334074
t0.54 = 0.334074
t0.55 = 0.334074
t0.56 = 0.334074
t0.57 = 0.334074
t0.58 = 0.334074
t0.59 = 0.334074
t0.60 = 0.373839
t0.61 = 0.373839
t0.62 = 0.373839
t0.63 = 0.373839
t0.64 = 0.373839
t0.65 = 0.373839
t0.66 = 0.373839
t0.67 = 0.373839
t0.68 = 0.373839
t0.69 = 0.373839
t0.70 = 0.373839
t0.71 = 0.373839
t0.72 = 0.373839
t0.73 = 0.373839
t0.74 = 0.373839
t0.75 = 0.373839
t0.76 = 0.373839
t0.77 = 0.373839
t0.78 = 0.373839
t0.79 = 0.373839
t0.80 = 0.585595
t0.81 = 0.585595
t0.82 = 0.585595
t0.83 = 0.585595
t0.84 = 0.585595
t0.85 = 0.585595
t0.86 = 0.585595
t0.87 = 0.585595
t0.88 = 0.585595
t0.89 = 0.585595
t0.90 = 0.585595
t0.91 = 0.585595
t0.92 = 0.585595
t0.93 = 0.585595
t0.94 = 0.585595
t0.95 = 0.585595
t0.96 = 0.585595
t0.97 = 0.585595
t0.98 = 0.585595
t0.99 = 0.585595
t1.00 = 0.773265
tr0 = 0.630850
tr1 = 0.540339
r0.00 = 203.855181
r0.01 = 0.040939
r0.02 = 0.048917
r0.03 = 0.055992
r0.04 = 0.064945
r0.05 = 0.072995
r0.06 = 0.077438
r0.07 = 0.077438
r0.08 = 0.091338
r0.09 = 0.091338
r0.10 = 0.118592
r0.11 = 0.118592
r0.12 = 0.123421
r0.13 = 0.141982
r0.14 = 0.178493
r0.15 = 0.178493
r0.16 = 0.178493
r0.17 = 0.178493
r0.18 = 0.186808
r0.19 = 0.201021
r0.20 = 0.213125
r0.21 = 0.213125
r0.22 = 0.213125
r0.23 = 0.213125
r0.24 = 0.222508
r0.25 = 0.239323
r0.26 = 0.239323
r0.27 = 0.239323
r0.28 = 0.239323
r0.29 = 0.269878
r0.30 = 0.269878
r0.31 = 0.269878
r0.32 = 0.269878
r0.33 = 0.269878
r0.34 = 0.269878
r0.35 = 0.306066
r0.36 = 0.306066
r0.37 = 0.321744
r0.38 = 0.321744
r0.39 = 0.321744
r0.40 = 0.321744
r0.41 = 0.321744
r0.42 = 0.321744
r0.43 = 0.321744
r0.44 = 0.342507
r0.45 = 0.342507
r0.46 = 0.379808
r0.47 = 0.432030
r0.48 = 0.432030
r0.49 = 0.432030
r0.50 = 0.432030
r0.51 = 0.432030
r0.52 = 0.432030
r0.53 = 0.432030
r0.54 = 0.432030
r0.55 = 0.432030
r0.56 = 0.432030
r0.57 = 0.432030
r0.58 = 0.432030
r0.59 = 0.432030
r0.60 = 0.483455
r0.61 = 0.483455
r0.62 = 0.483455
r0.63 = 0.483455
r0.64 = 0.483455
r0.65 = 0.483455
r0.66 = 0.483455
r0.67 = 0.483455
r0.68 = 0.483455
r0.69 = 0.483455
r0.70 = 0.483455
r0.71 = 0.483455
r0.72 = 0.483455
r0.73 = 0.483455
r0.74 = 0.483455
r0.75 = 0.483455
r0.76 = 0.483455
r0.77 = 0.483455
r0.78 = 0.483455
r0.79 = 0.483455
r0.80 = 0.757301
r0.81 = 0.757301
r0.82 = 0.757301
r0.83 = 0.757301
r0.84 = 0.757301
r0.85 = 0.757301
r0.86 = 0.757301
r0.87 = 0.757301
r0.88 = 0.757301
r0.89 = 0.757301
r0.90 = 0.757301
r0.91 = 0.757301
r0.92 = 0.757301
r0.93 = 0.757301
r0.94 = 0.757301
r0.95 = 0.757301
r0.96 = 0.757301
r0.97 = 0.757301
r0.98 = 0.757301
r0.99 = 0.757301
r1.00 = 1.000000
rr0 = 0.815827
rr1 = 0.698775
