t0.00 = 309.136364
t0.01 = 0.064143
t0.02 = 0.088600
t0.03 = 0.116369
t0.04 = 0.137796
t0.05 = 0.139612
t0.06 = 0.172585
t0.07 = 0.178857
t0.08 = 0.194211
t0.09 = 0.213927
t0.10 = 0.213927
t0.11 = 0.220271
t0.12 = 0.220271
t0.13 = 0.220271
t0.14 = 0.245199
t0.15 = 0.245199
t0.16 = 0.245199
t0.17 = 0.266570
t0.18 = 0.266570
t0.19 = 0.266570
t0.20 = 0.266570
t0.21 = 0.266570
t0.22 = 0.266570
t0.23 = 0.266570
t0.24 = 0.266570
t0.25 = 0.266570
t0.26 = 0.266570
t0.27 = 0.266570
t0.28 = 0.266570
t0.29 = 0.266570
t0.30 = 0.347581
t0.31 = 0.347581
t0.32 = 0.347581
t0.33 = 0.439711
t0.34 = 0.439711
t0.35 = 0.439711
t0.36 = 0.439711
t0.37 = 0.439711
t0.38 = 0.439711
t0.39 = 0.553791
t0.40 = 0.553791
t0.41 = 0.553791
t0.42 = 0.553791
t0.43 = 0.553791
t0.44 = 0.553791
t0.45 = 0.553791
t0.46 = 0.553791
t0.47 = 0.553791
t0.48 = 0.553791
t0.49 = 0.553791
t0.50 = 0.553791
t0.51 = 0.553791
t0.52 = 0.553791
t0.53 = 0.553791
t0.54 = 0.553791
t0.55 = 0.553791
t0.56 = 0.553791
t0.57 = 0.553791
t0.58 = 0.553791
t0.59 = 0.553791
t0.60 = 0.553791
t0.61 = 0.553791
t0.62 = 0.553791
t0.63 = 0.553791
t0.64 = 0.553791
t0.65 = 0.553791
t0.66 = 0.553791
t0.67 = 0.553791
t0.68 = 0.553791
t0.69 = 0.553791
t0.70 = 0.553791
t0.71 = 0.553791
t0.72 = 0.553791
t0.73 = 0.553791
t0.74 = 0.553791
t0.75 = 0.553791
t0.76 = 0.553791
t0.77 = 0.553791
t0.78 = 0.553791
t0.79 = 0.553791
t0.80 = 0.553791
t0.81 = 0.553791
t0.82 = 0.553791
t0.83 = 0.553791
t0.84 = 0.553791
t0.85 = 0.553791
t0.86 = 0.553791
t0.87 = 0.553791
t0.88 = 0.553791
t0.89 = 0.553791
t0.90 = 0.553791
t0.91 = 0.553791
t0.92 = 0.553791
t0.93 = 0.553791
t0.94 = 0.553791
t0.95 = 0.553791
t0.96 = 0.553791
t0.97 = 0.553791
t0.98 = 0.553791
t0.99 = 0.553791
t1.00 = 0.752635
tr0 = 0.500505
tr1 = 0.607076
r0.00 = 410.738549
r0.01 = 0.085224
r0.02 = 0.117719
r0.03 = 0.154616
r0.04 = 0.183084
r0.05 = 0.185497
r0.06 = 0.229308
r0.07 = 0.237641
r0.08 = 0.258041
r0.09 = 0.284237
r0.10 = 0.284237
r0.11 = 0.292666
r0.12 = 0.292666
r0.13 = 0.292666
r0.14 = 0.325787
r0.15 = 0.325787
r0.16 = 0.325787
r0.17 = 0.354183
r0.18 = 0.354183
r0.19 = 0.354183
r0.20 = 0.354183
r0.21 = 0.354183
r0.22 = 0.354183
r0.23 = 0.354183
r0.24 = 0.354183
r0.25 = 0.354183
r0.26 = 0.354183
r0.27 = 0.354183
r0.28 = 0.354183
r0.29 = 0.354183
r0.30 = 0.461819
r0.31 = 0.461819
r0.32 = 0.461819
r0.33 = 0.584229
r0.34 = 0.584229
r0.35 = 0.584229
r0.36 = 0.584229
r0.37 = 0.584229
r0.38 = 0.584229
r0.39 = 0.735802
r0.40 = 0.735802
r0.41 = 0.735802
r0.42 = 0.735802
r0.43 = 0.735802
r0.44 = 0.735802
r0.45 = 0.735802
r0.46 = 0.735802
r0.47 = 0.735802
r0.48 = 0.735802
r0.49 = 0.735802
r0.50 = 0.735802
r0.51 = 0.735802
r0.52 = 0.735802
r0.53 = 0.735802
r0.54 = 0.735802
r0.55 = 0.735802
r0.56 = 0.735802
r0.57 = 0.735802
r0.58 = 0.735802
r0.59 = 0.735802
r0.60 = 0.735802
r0.61 = 0.735802
r0.62 = 0.735802
r0.63 = 0.735802
r0.64 = 0.735802
r0.65 = 0.735802
r0.66 = 0.735802
r0.67 = 0.735802
r0.68 = 0.735802
r0.69 = 0.735802
r0.70 = 0.735802
r0.71 = 0.735802
r0.72 = 0.735802
r0.73 = 0.735802
r0.74 = 0.735802
r0.75 = 0.735802
r0.76 = 0.735802
r0.77 = 0.735802
r0.78 = 0.735802
r0.79 = 0.735802
r0.80 = 0.735802
r0.81 = 0.735802
r0.82 = 0.735802
r0.83 = 0.735802
r0.84 = 0.735802
r0.85 = 0.735802
r0.86 = 0.735802
r0.87 = 0.735802
r0.88 = 0.735802
r0.89 = 0.735802
r0.90 = 0.735802
r0.91 = 0.735802
r0.92 = 0.735802
r0.93 = 0.735802
r0.94 = 0.735802
r0.95 = 0.735802
r0.96 = 0.735802
r0.97 = 0.735802
r0.98 = 0.735802
r0.99 = 0.735802
r1.00 = 1.000000
rr0 = 0.665004
rr1 = 0.806600
