t0.00 = 1953.825000
t0.01 = 0.246209
t0.02 = 0.253085
t0.03 = 0.261508
t0.04 = 0.266625
t0.05 = 0.271016
t0.06 = 0.271016
t0.07 = 0.271016
t0.08 = 0.278786
t0.09 = 0.291259
t0.10 = 0.291259
t0.11 = 0.293449
t0.12 = 0.293449
t0.13 = 0.294086
t0.14 = 0.294086
t0.15 = 0.306797
t0.16 = 0.315874
t0.17 = 0.315874
t0.18 = 0.315874
t0.19 = 0.315874
t0.20 = 0.315874
t0.21 = 0.322065
t0.22 = 0.322065
t0.23 = 0.322065
t0.24 = 0.321392
t0.25 = 0.321392
t0.26 = 0.327889
t0.27 = 0.344922
t0.28 = 0.345270
t0.29 = 0.340123
t0.30 = 0.385153
t0.31 = 0.385750
t0.32 = 0.385750
t0.33 = 0.386788
t0.34 = 0.386788
t0.35 = 0.386788
t0.36 = 0.386788
t0.37 = 0.386788
t0.38 = 0.404761
t0.39 = 0.404761
t0.40 = 0.404761
t0.41 = 0.404761
t0.42 = 0.404761
t0.43 = 0.404761
t0.44 = 0.425343
t0.45 = 0.425343
t0.46 = 0.432108
t0.47 = 0.432108
t0.48 = 0.432108
t0.49 = 0.453659
t0.50 = 0.453659
t0.51 = 0.470462
t0.52 = 0.470462
t0.53 = 0.470462
t0.54 = 0.470462
t0.55 = 0.470462
t0.56 = 0.470462
t0.57 = 0.470462
t0.58 = 0.470462
t0.59 = 0.470462
t0.60 = 0.470462
t0.61 = 0.470462
t0.62 = 0.470462
t0.63 = 0.470462
t0.64 = 0.470462
t0.65 = 0.470462
t0.66 = 0.470462
t0.67 = 0.470462
t0.68 = 0.470462
t0.69 = 0.470462
t0.70 = 0.470462
t0.71 = 0.470462
t0.72 = 0.470462
t0.73 = 0.470462
t0.74 = 0.470462
t0.75 = 0.447400
t0.76 = 0.447400
t0.77 = 0.447400
t0.78 = 0.447400
t0.79 = 0.447400
t0.80 = 0.447400
t0.81 = 0.447400
t0.82 = 0.447400
t0.83 = 0.447400
t0.84 = 0.447400
t0.85 = 0.447400
t0.86 = 0.447400
t0.87 = 0.447400
t0.88 = 0.447400
t0.89 = 0.447400
t0.90 = 0.447400
t0.91 = 0.447400
t0.92 = 0.671896
t0.93 = 0.671896
t0.94 = 0.671896
t0.95 = 0.671896
t0.96 = 0.671896
t0.97 = 0.671896
t0.98 = 0.671896
t0.99 = 0.671896
t1.00 = 0.796421
tr0 = 0.548229
tr1 = 0.795563
r0.00 = 2453.256106
r0.01 = 0.309144
r0.02 = 0.317778
r0.03 = 0.328354
r0.04 = 0.334779
r0.05 = 0.340292
r0.06 = 0.340292
r0.07 = 0.340292
r0.08 = 0.350048
r0.09 = 0.365709
r0.10 = 0.365709
r0.11 = 0.368460
r0.12 = 0.368460
r0.13 = 0.369259
r0.14 = 0.369259
r0.15 = 0.385220
r0.16 = 0.396617
r0.17 = 0.396617
r0.18 = 0.396617
r0.19 = 0.396617
r0.20 = 0.396617
r0.21 = 0.404390
r0.22 = 0.404390
r0.23 = 0.404390
r0.24 = 0.403545
r0.25 = 0.403545
r0.26 = 0.411704
r0.27 = 0.433091
r0.28 = 0.433527
r0.29 = 0.427064
r0.30 = 0.483604
r0.31 = 0.484354
r0.32 = 0.484354
r0.33 = 0.485657
r0.34 = 0.485657
r0.35 = 0.485657
r0.36 = 0.485657
r0.37 = 0.485657
r0.38 = 0.508225
r0.39 = 0.508225
r0.40 = 0.508225
r0.41 = 0.508225
r0.42 = 0.508225
r0.43 = 0.508225
r0.44 = 0.534068
r0.45 = 0.534068
r0.46 = 0.542563
r0.47 = 0.542563
r0.48 = 0.542563
r0.49 = 0.569621
r0.50 = 0.569621
r0.51 = 0.590720
r0.52 = 0.590720
r0.53 = 0.590720
r0.54 = 0.590720
r0.55 = 0.590720
r0.56 = 0.590720
r0.57 = 0.590720
r0.58 = 0.590720
r0.59 = 0.590720
r0.60 = 0.590720
r0.61 = 0.590720
r0.62 = 0.590720
r0.63 = 0.590720
r0.64 = 0.590720
r0.65 = 0.590720
r0.66 = 0.590720
r0.67 = 0.590720
r0.68 = 0.590720
r0.69 = 0.590720
r0.70 = 0.590720
r0.71 = 0.590720
r0.72 = 0.590720
r0.73 = 0.590720
r0.74 = 0.590720
r0.75 = 0.561763
r0.76 = 0.561763
r0.77 = 0.561763
r0.78 = 0.561763
r0.79 = 0.561763
r0.80 = 0.561763
r0.81 = 0.561763
r0.82 = 0.561763
r0.83 = 0.561763
r0.84 = 0.561763
r0.85 = 0.561763
r0.86 = 0.561763
r0.87 = 0.561763
r0.88 = 0.561763
r0.89 = 0.561763
r0.90 = 0.561763
r0.91 = 0.561763
r0.92 = 0.843644
r0.93 = 0.843644
r0.94 = 0.843644
r0.95 = 0.843644
r0.96 = 0.843644
r0.97 = 0.843644
r0.98 = 0.843644
r0.99 = 0.843644
r1.00 = 1.000000
rr0 = 0.688366
rr1 = 0.998923
