t0.00 = 1.953488
t0.01 = 0.000376
t0.02 = 0.000518
t0.03 = 0.000732
t0.04 = 0.000732
t0.05 = 0.000895
t0.06 = 0.001048
t0.07 = 0.001646
t0.08 = 0.002449
t0.09 = 0.002449
t0.10 = 0.002530
t0.11 = 0.004890
t0.12 = 0.005771
t0.13 = 0.005771
t0.14 = 0.005771
t0.15 = 0.005771
t0.16 = 0.005771
t0.17 = 0.005771
t0.18 = 0.007972
t0.19 = 0.009183
t0.20 = 0.012389
t0.21 = 0.012389
t0.22 = 0.012389
t0.23 = 0.014763
t0.24 = 0.014763
t0.25 = 0.014763
t0.26 = 0.014763
t0.27 = 0.016888
t0.28 = 0.019988
t0.29 = 0.019988
t0.30 = 0.019988
t0.31 = 0.019988
t0.32 = 0.022929
t0.33 = 0.022929
t0.34 = 0.027313
t0.35 = 0.032569
t0.36 = 0.032569
t0.37 = 0.036998
t0.38 = 0.036998
t0.39 = 0.048695
t0.40 = 0.062962
t0.41 = 0.071217
t0.42 = 0.071217
t0.43 = 0.084280
t0.44 = 0.084280
t0.45 = 0.084280
t0.46 = 0.084280
t0.47 = 0.084280
t0.48 = 0.108836
t0.49 = 0.108836
t0.50 = 0.108836
t0.51 = 0.108836
t0.52 = 0.108836
t0.53 = 0.132728
t0.54 = 0.132728
t0.55 = 0.132728
t0.56 = 0.132728
t0.57 = 0.132728
t0.58 = 0.132728
t0.59 = 0.132728
t0.60 = 0.132728
t0.61 = 0.180817
t0.62 = 0.180817
t0.63 = 0.180817
t0.64 = 0.180817
t0.65 = 0.180817
t0.66 = 0.180817
t0.67 = 0.180817
t0.68 = 0.180817
t0.69 = 0.180817
t0.70 = 0.266164
t0.71 = 0.266164
t0.72 = 0.266164
t0.73 = 0.266164
t0.74 = 0.266164
t0.75 = 0.266164
t0.76 = 0.266164
t0.77 = 0.266164
t0.78 = 0.266164
t0.79 = 0.266164
t0.80 = 0.266164
t0.81 = 0.266164
t0.82 = 0.266164
t0.83 = 0.266164
t0.84 = 0.266164
t0.85 = 0.266164
t0.86 = 0.266164
t0.87 = 0.266164
t0.88 = 0.266164
t0.89 = 0.266164
t0.90 = 0.424092
t0.91 = 0.424092
t0.92 = 0.424092
t0.93 = 0.424092
t0.94 = 0.424092
t0.95 = 0.424092
t0.96 = 0.424092
t0.97 = 0.424092
t0.98 = 0.424092
t0.99 = 0.424092
t1.00 = 0.879027
tr0 = 0.146847
tr1 = 0.701337
r0.00 = 2.222331
r0.01 = 0.000428
r0.02 = 0.000590
r0.03 = 0.000832
r0.04 = 0.000832
r0.05 = 0.001018
r0.06 = 0.001192
r0.07 = 0.001873
r0.08 = 0.002786
r0.09 = 0.002786
r0.10 = 0.002878
r0.11 = 0.005563
r0.12 = 0.006565
r0.13 = 0.006565
r0.14 = 0.006565
r0.15 = 0.006565
r0.16 = 0.006565
r0.17 = 0.006565
r0.18 = 0.009069
r0.19 = 0.010447
r0.20 = 0.014094
r0.21 = 0.014094
r0.22 = 0.014094
r0.23 = 0.016795
r0.24 = 0.016795
r0.25 = 0.016795
r0.26 = 0.016795
r0.27 = 0.019212
r0.28 = 0.022738
r0.29 = 0.022738
r0.30 = 0.022738
r0.31 = 0.022738
r0.32 = 0.026084
r0.33 = 0.026084
r0.34 = 0.031072
r0.35 = 0.037051
r0.36 = 0.037051
r0.37 = 0.042090
r0.38 = 0.042090
r0.39 = 0.055396
r0.40 = 0.071627
r0.41 = 0.081019
r0.42 = 0.081019
r0.43 = 0.095879
r0.44 = 0.095879
r0.45 = 0.095879
r0.46 = 0.095879
r0.47 = 0.095879
r0.48 = 0.123814
r0.49 = 0.123814
r0.50 = 0.123814
r0.51 = 0.123814
r0.52 = 0.123814
r0.53 = 0.150994
r0.54 = 0.150994
r0.55 = 0.150994
r0.56 = 0.150994
r0.57 = 0.150994
r0.58 = 0.150994
r0.59 = 0.150994
r0.60 = 0.150994
r0.61 = 0.205702
r0.62 = 0.205702
r0.63 = 0.205702
r0.64 = 0.205702
r0.65 = 0.205702
r0.66 = 0.205702
r0.67 = 0.205702
r0.68 = 0.205702
r0.69 = 0.205702
r0.70 = 0.302794
r0.71 = 0.302794
r0.72 = 0.302794
r0.73 = 0.302794
r0.74 = 0.302794
r0.75 = 0.302794
r0.76 = 0.302794
r0.77 = 0.302794
r0.78 = 0.302794
r0.79 = 0.302794
r0.80 = 0.302794
r0.81 = 0.302794
r0.82 = 0.302794
r0.83 = 0.302794
r0.84 = 0.302794
r0.85 = 0.302794
r0.86 = 0.302794
r0.87 = 0.302794
r0.88 = 0.302794
r0.89 = 0.302794
r0.90 = 0.482456
r0.91 = 0.482456
r0.92 = 0.482456
r0.93 = 0.482456
r0.94 = 0.482456
r0.95 = 0.482456
r0.96 = 0.482456
r0.97 = 0.482456
r0.98 = 0.482456
r0.99 = 0.482456
r1.00 = 1.000000
rr0 = 0.167057
rr1 = 0.797856
