t0.00 = 247.175000
t0.01 = 0.047383
t0.02 = 0.052061
t0.03 = 0.057415
t0.04 = 0.064372
t0.05 = 0.068664
t0.06 = 0.072476
t0.07 = 0.084866
t0.08 = 0.093243
t0.09 = 0.096265
t0.10 = 0.107918
t0.11 = 0.107918
t0.12 = 0.108986
t0.13 = 0.117226
t0.14 = 0.124531
t0.15 = 0.127911
t0.16 = 0.154222
t0.17 = 0.154222
t0.18 = 0.172563
t0.19 = 0.172563
t0.20 = 0.172563
t0.21 = 0.184686
t0.22 = 0.184686
t0.23 = 0.207772
t0.24 = 0.221037
t0.25 = 0.221037
t0.26 = 0.261974
t0.27 = 0.322710
t0.28 = 0.322710
t0.29 = 0.362184
t0.30 = 0.362184
t0.31 = 0.362184
t0.32 = 0.362184
t0.33 = 0.431130
t0.34 = 0.431130
t0.35 = 0.431130
t0.36 = 0.535148
t0.37 = 0.535148
t0.38 = 0.535148
t0.39 = 0.535148
t0.40 = 0.535148
t0.41 = 0.535148
t0.42 = 0.535148
t0.43 = 0.535148
t0.44 = 0.535148
t0.45 = 0.535148
t0.46 = 0.535148
t0.47 = 0.535148
t0.48 = 0.535148
t0.49 = 0.535148
t0.50 = 0.535148
t0.51 = 0.535148
t0.52 = 0.535148
t0.53 = 0.535148
t0.54 = 0.535148
t0.55 = 0.535148
t0.56 = 0.535148
t0.57 = 0.535148
t0.58 = 0.535148
t0.59 = 0.535148
t0.60 = 0.535148
t0.61 = 0.535148
t0.62 = 0.535148
t0.63 = 0.535148
t0.64 = 0.535148
t0.65 = 0.535148
t0.66 = 0.535148
t0.67 = 0.535148
t0.68 = 0.535148
t0.69 = 0.535148
t0.70 = 0.535148
t0.71 = 0.535148
t0.72 = 0.535148
t0.73 = 0.535148
t0.74 = 0.535148
t0.75 = 0.535148
t0.76 = 0.535148
t0.77 = 0.535148
t0.78 = 0.535148
t0.79 = 0.535148
t0.80 = 0.535148
t0.81 = 0.535148
t0.82 = 0.535148
t0.83 = 0.535148
t0.84 = 0.535148
t0.85 = 0.535148
t0.86 = 0.535148
t0.87 = 0.535148
t0.88 = 0.535148
t0.89 = 0.535148
t0.90 = 0.535148
t0.91 = 0.535148
t0.92 = 0.535148
t0.93 = 0.535148
t0.94 = 0.535148
t0.95 = 0.535148
t0.96 = 0.535148
t0.97 = 0.535148
t0.98 = 0.535148
t0.99 = 0.535148
t1.00 = 0.729011
tr0 = 0.716081
tr1 = 0.354216
r0.00 = 339.055190
r0.01 = 0.064996
r0.02 = 0.071413
r0.03 = 0.078757
r0.04 = 0.088301
r0.05 = 0.094188
r0.06 = 0.099417
r0.07 = 0.116413
r0.08 = 0.127904
r0.09 = 0.132049
r0.10 = 0.148034
r0.11 = 0.148034
r0.12 = 0.149499
r0.13 = 0.160801
r0.14 = 0.170822
r0.15 = 0.175458
r0.16 = 0.211550
r0.17 = 0.211550
r0.18 = 0.236709
r0.19 = 0.236709
r0.20 = 0.236709
r0.21 = 0.253338
r0.22 = 0.253338
r0.23 = 0.285005
r0.24 = 0.303201
r0.25 = 0.303201
r0.26 = 0.359355
r0.27 = 0.442668
r0.28 = 0.442668
r0.29 = 0.496815
r0.30 = 0.496815
r0.31 = 0.496815
r0.32 = 0.496815
r0.33 = 0.591390
r0.34 = 0.591390
r0.35 = 0.591390
r0.36 = 0.734074
r0.37 = 0.734074
r0.38 = 0.734074
r0.39 = 0.734074
r0.40 = 0.734074
r0.41 = 0.734074
r0.42 = 0.734074
r0.43 = 0.734074
r0.44 = 0.734074
r0.45 = 0.734074
r0.46 = 0.734074
r0.47 = 0.734074
r0.48 = 0.734074
r0.49 = 0.734074
r0.50 = 0.734074
r0.51 = 0.734074
r0.52 = 0.734074
r0.53 = 0.734074
r0.54 = 0.734074
r0.55 = 0.734074
r0.56 = 0.734074
r0.57 = 0.734074
r0.58 = 0.734074
r0.59 = 0.734074
r0.60 = 0.734074
r0.61 = 0.734074
r0.62 = 0.734074
r0.63 = 0.734074
r0.64 = 0.734074
r0.65 = 0.734074
r0.66 = 0.734074
r0.67 = 0.734074
r0.68 = 0.734074
r0.69 = 0.734074
r0.70 = 0.734074
r0.71 = 0.734074
r0.72 = 0.734074
r0.73 = 0.734074
r0.74 = 0.734074
r0.75 = 0.734074
r0.76 = 0.734074
r0.77 = 0.734074
r0.78 = 0.734074
r0.79 = 0.734074
r0.80 = 0.734074
r0.81 = 0.734074
r0.82 = 0.734074
r0.83 = 0.734074
r0.84 = 0.734074
r0.85 = 0.734074
r0.86 = 0.734074
r0.87 = 0.734074
r0.88 = 0.734074
r0.89 = 0.734074
r0.90 = 0.734074
r0.91 = 0.734074
r0.92 = 0.734074
r0.93 = 0.734074
r0.94 = 0.734074
r0.95 = 0.734074
r0.96 = 0.734074
r0.97 = 0.734074
r0.98 = 0.734074
r0.99 = 0.734074
r1.00 = 1.000000
rr0 = 0.982263
rr1 = 0.485886
