t0.00 = 225.266667
t0.01 = 0.038384
t0.02 = 0.051652
t0.03 = 0.069387
t0.04 = 0.077240
t0.05 = 0.080705
t0.06 = 0.084035
t0.07 = 0.084035
t0.08 = 0.088716
t0.09 = 0.088716
t0.10 = 0.088951
t0.11 = 0.095482
t0.12 = 0.095482
t0.13 = 0.095482
t0.14 = 0.095482
t0.15 = 0.108035
t0.16 = 0.114037
t0.17 = 0.115330
t0.18 = 0.127254
t0.19 = 0.150015
t0.20 = 0.150015
t0.21 = 0.150015
t0.22 = 0.164910
t0.23 = 0.173684
t0.24 = 0.184302
t0.25 = 0.184302
t0.26 = 0.184302
t0.27 = 0.184302
t0.28 = 0.208753
t0.29 = 0.208753
t0.30 = 0.226817
t0.31 = 0.226817
t0.32 = 0.226817
t0.33 = 0.230229
t0.34 = 0.230229
t0.35 = 0.230229
t0.36 = 0.241473
t0.37 = 0.241473
t0.38 = 0.241473
t0.39 = 0.261445
t0.40 = 0.261445
t0.41 = 0.319801
t0.42 = 0.319801
t0.43 = 0.319801
t0.44 = 0.319801
t0.45 = 0.319801
t0.46 = 0.319801
t0.47 = 0.319801
t0.48 = 0.319801
t0.49 = 0.319801
t0.50 = 0.319801
t0.51 = 0.333459
t0.52 = 0.333459
t0.53 = 0.333459
t0.54 = 0.333459
t0.55 = 0.333459
t0.56 = 0.333459
t0.57 = 0.333459
t0.58 = 0.333459
t0.59 = 0.333459
t0.60 = 0.333459
t0.61 = 0.425646
t0.62 = 0.425646
t0.63 = 0.425646
t0.64 = 0.425646
t0.65 = 0.425646
t0.66 = 0.425646
t0.67 = 0.425646
t0.68 = 0.425646
t0.69 = 0.425646
t0.70 = 0.425646
t0.71 = 0.425646
t0.72 = 0.425646
t0.73 = 0.425646
t0.74 = 0.425646
t0.75 = 0.425646
t0.76 = 0.425646
t0.77 = 0.425646
t0.78 = 0.425646
t0.79 = 0.425646
t0.80 = 0.425646
t0.81 = 0.425646
t0.82 = 0.425646
t0.83 = 0.425646
t0.84 = 0.425646
t0.85 = 0.425646
t0.86 = 0.425646
t0.87 = 0.425646
t0.88 = 0.500302
t0.89 = 0.500302
t0.90 = 0.500302
t0.91 = 0.500302
t0.92 = 0.500302
t0.93 = 0.500302
t0.94 = 0.500302
t0.95 = 0.500302
t0.96 = 0.500302
t0.97 = 0.500302
t0.98 = 0.500302
t0.99 = 0.500302
t1.00 = 0.721702
tr0 = 0.286749
tr1 = 0.713855
r0.00 = 312.132357
r0.01 = 0.053186
r0.02 = 0.071569
r0.03 = 0.096143
r0.04 = 0.107025
r0.05 = 0.111826
r0.06 = 0.116440
r0.07 = 0.116440
r0.08 = 0.122926
r0.09 = 0.122926
r0.10 = 0.123252
r0.11 = 0.132302
r0.12 = 0.132302
r0.13 = 0.132302
r0.14 = 0.132302
r0.15 = 0.149695
r0.16 = 0.158012
r0.17 = 0.159803
r0.18 = 0.176325
r0.19 = 0.207863
r0.20 = 0.207863
r0.21 = 0.207863
r0.22 = 0.228501
r0.23 = 0.240659
r0.24 = 0.255371
r0.25 = 0.255371
r0.26 = 0.255371
r0.27 = 0.255371
r0.28 = 0.289251
r0.29 = 0.289251
r0.30 = 0.314280
r0.31 = 0.314280
r0.32 = 0.314280
r0.33 = 0.319009
r0.34 = 0.319009
r0.35 = 0.319009
r0.36 = 0.334588
r0.37 = 0.334588
r0.38 = 0.334588
r0.39 = 0.362261
r0.40 = 0.362261
r0.41 = 0.443120
r0.42 = 0.443120
r0.43 = 0.443120
r0.44 = 0.443120
r0.45 = 0.443120
r0.46 = 0.443120
r0.47 = 0.443120
r0.48 = 0.443120
r0.49 = 0.443120
r0.50 = 0.443120
r0.51 = 0.462045
r0.52 = 0.462045
r0.53 = 0.462045
r0.54 = 0.462045
r0.55 = 0.462045
r0.56 = 0.462045
r0.57 = 0.462045
r0.58 = 0.462045
r0.59 = 0.462045
r0.60 = 0.462045
r0.61 = 0.589781
r0.62 = 0.589781
r0.63 = 0.589781
r0.64 = 0.589781
r0.65 = 0.589781
r0.66 = 0.589781
r0.67 = 0.589781
r0.68 = 0.589781
r0.69 = 0.589781
r0.70 = 0.589781
r0.71 = 0.589781
r0.72 = 0.589781
r0.73 = 0.589781
r0.74 = 0.589781
r0.75 = 0.589781
r0.76 = 0.589781
r0.77 = 0.589781
r0.78 = 0.589781
r0.79 = 0.589781
r0.80 = 0.589781
r0.81 = 0.589781
r0.82 = 0.589781
r0.83 = 0.589781
r0.84 = 0.589781
r0.85 = 0.589781
r0.86 = 0.589781
r0.87 = 0.589781
r0.88 = 0.693225
r0.89 = 0.693225
r0.90 = 0.693225
r0.91 = 0.693225
r0.92 = 0.693225
r0.93 = 0.693225
r0.94 = 0.693225
r0.95 = 0.693225
r0.96 = 0.693225
r0.97 = 0.693225
r0.98 = 0.693225
r0.99 = 0.693225
r1.00 = 1.000000
rr0 = 0.397323
rr1 = 0.989126
