t0.00 = 0.000000
t0.01 = 0.000000
t0.02 = 0.000034
t0.03 = 0.000034
t0.04 = 0.000034
t0.05 = 0.000034
t0.06 = 0.000034
t0.07 = 0.000192
t0.08 = 0.000524
t0.09 = 0.000792
t0.10 = 0.000792
t0.11 = 0.001473
t0.12 = 0.001782
t0.13 = 0.001782
t0.14 = 0.001782
t0.15 = 0.002889
t0.16 = 0.002889
t0.17 = 0.002889
t0.18 = 0.004862
t0.19 = 0.005530
t0.20 = 0.005530
t0.21 = 0.005530
t0.22 = 0.006098
t0.23 = 0.006098
t0.24 = 0.006098
t0.25 = 0.006098
t0.26 = 0.007399
t0.27 = 0.008470
t0.28 = 0.008470
t0.29 = 0.009661
t0.30 = 0.009661
t0.31 = 0.011296
t0.32 = 0.011296
t0.33 = 0.011296
t0.34 = 0.011296
t0.35 = 0.013470
t0.36 = 0.017841
t0.37 = 0.019029
t0.38 = 0.022256
t0.39 = 0.022256
t0.40 = 0.026951
t0.41 = 0.031099
t0.42 = 0.031099
t0.43 = 0.035036
t0.44 = 0.035036
t0.45 = 0.035036
t0.46 = 0.035036
t0.47 = 0.039855
t0.48 = 0.043554
t0.49 = 0.043554
t0.50 = 0.043554
t0.51 = 0.050499
t0.52 = 0.060302
t0.53 = 0.069575
t0.54 = 0.069575
t0.55 = 0.069575
t0.56 = 0.069575
t0.57 = 0.082084
t0.58 = 0.092725
t0.59 = 0.092725
t0.60 = 0.092725
t0.61 = 0.092725
t0.62 = 0.092725
t0.63 = 0.092725
t0.64 = 0.109043
t0.65 = 0.109043
t0.66 = 0.131040
t0.67 = 0.131040
t0.68 = 0.131040
t0.69 = 0.131040
t0.70 = 0.131040
t0.71 = 0.159541
t0.72 = 0.159541
t0.73 = 0.159541
t0.74 = 0.159541
t0.75 = 0.159541
t0.76 = 0.159541
t0.77 = 0.159541
t0.78 = 0.159541
t0.79 = 0.159541
t0.80 = 0.159541
t0.81 = 0.159541
t0.82 = 0.159541
t0.83 = 0.159541
t0.84 = 0.159541
t0.85 = 0.159541
t0.86 = 0.159541
t0.87 = 0.207669
t0.88 = 0.207669
t0.89 = 0.207669
t0.90 = 0.207669
t0.91 = 0.207669
t0.92 = 0.207669
t0.93 = 0.207669
t0.94 = 0.207669
t0.95 = 0.207669
t0.96 = 0.303649
t0.97 = 0.303649
t0.98 = 0.303649
t0.99 = 0.465329
t1.00 = 0.939437
tr0 = 0.502240
tr1 = 0.428418
r0.00 = 0.000000
r0.01 = 0.000000
r0.02 = 0.000036
r0.03 = 0.000036
r0.04 = 0.000036
r0.05 = 0.000036
r0.06 = 0.000036
r0.07 = 0.000205
r0.08 = 0.000558
r0.09 = 0.000843
r0.10 = 0.000843
r0.11 = 0.001568
r0.12 = 0.001896
r0.13 = 0.001896
r0.14 = 0.001896
r0.15 = 0.003075
r0.16 = 0.003075
r0.17 = 0.003075
r0.18 = 0.005175
r0.19 = 0.005886
r0.20 = 0.005886
r0.21 = 0.005886
r0.22 = 0.006492
r0.23 = 0.006492
r0.24 = 0.006492
r0.25 = 0.006492
r0.26 = 0.007876
r0.27 = 0.009016
r0.28 = 0.009016
r0.29 = 0.010284
r0.30 = 0.010284
r0.31 = 0.012024
r0.32 = 0.012024
r0.33 = 0.012024
r0.34 = 0.012024
r0.35 = 0.014338
r0.36 = 0.018991
r0.37 = 0.020256
r0.38 = 0.023691
r0.39 = 0.023691
r0.40 = 0.028688
r0.41 = 0.033104
r0.42 = 0.033104
r0.43 = 0.037294
r0.44 = 0.037294
r0.45 = 0.037294
r0.46 = 0.037294
r0.47 = 0.042424
r0.48 = 0.046362
r0.49 = 0.046362
r0.50 = 0.046362
r0.51 = 0.053754
r0.52 = 0.064189
r0.53 = 0.074061
r0.54 = 0.074061
r0.55 = 0.074061
r0.56 = 0.074061
r0.57 = 0.087376
r0.58 = 0.098703
r0.59 = 0.098703
r0.60 = 0.098703
r0.61 = 0.098703
r0.62 = 0.098703
r0.63 = 0.098703
r0.64 = 0.116073
r0.65 = 0.116073
r0.66 = 0.139488
r0.67 = 0.139488
r0.68 = 0.139488
r0.69 = 0.139488
r0.70 = 0.139488
r0.71 = 0.169826
r0.72 = 0.169826
r0.73 = 0.169826
r0.74 = 0.169826
r0.75 = 0.169826
r0.76 = 0.169826
r0.77 = 0.169826
r0.78 = 0.169826
r0.79 = 0.169826
r0.80 = 0.169826
r0.81 = 0.169826
r0.82 = 0.169826
r0.83 = 0.169826
r0.84 = 0.169826
r0.85 = 0.169826
r0.86 = 0.169826
r0.87 = 0.221057
r0.88 = 0.221057
r0.89 = 0.221057
r0.90 = 0.221057
r0.91 = 0.221057
r0.92 = 0.221057
r0.93 = 0.221057
r0.94 = 0.221057
r0.95 = 0.221057
r0.96 = 0.323225
r0.97 = 0.323225
r0.98 = 0.323225
r0.99 = 0.495327
r1.00 = 1.000000
rr0 = 0.534618
rr1 = 0.456037
