t0.00 = 1298.163265
t0.01 = 0.213975
t0.02 = 0.213975
t0.03 = 0.223828
t0.04 = 0.232133
t0.05 = 0.245236
t0.06 = 0.245236
t0.07 = 0.251237
t0.08 = 0.260101
t0.09 = 0.282323
t0.10 = 0.282323
t0.11 = 0.337615
t0.12 = 0.337615
t0.13 = 0.337615
t0.14 = 0.348457
t0.15 = 0.348457
t0.16 = 0.348457
t0.17 = 0.348457
t0.18 = 0.348457
t0.19 = 0.353867
t0.20 = 0.354935
t0.21 = 0.354935
t0.22 = 0.354935
t0.23 = 0.354935
t0.24 = 0.354935
t0.25 = 0.367751
t0.26 = 0.362246
t0.27 = 0.338439
t0.28 = 0.338439
t0.29 = 0.338439
t0.30 = 0.338439
t0.31 = 0.338439
t0.32 = 0.338439
t0.33 = 0.338439
t0.34 = 0.337772
t0.35 = 0.337772
t0.36 = 0.337772
t0.37 = 0.337772
t0.38 = 0.337772
t0.39 = 0.337772
t0.40 = 0.337772
t0.41 = 0.337772
t0.42 = 0.337772
t0.43 = 0.376417
t0.44 = 0.376417
t0.45 = 0.376417
t0.46 = 0.376417
t0.47 = 0.354356
t0.48 = 0.354356
t0.49 = 0.354356
t0.50 = 0.354356
t0.51 = 0.354356
t0.52 = 0.354356
t0.53 = 0.354356
t0.54 = 0.354356
t0.55 = 0.354356
t0.56 = 0.354356
t0.57 = 0.354356
t0.58 = 0.400818
t0.59 = 0.400818
t0.60 = 0.400818
t0.61 = 0.400818
t0.62 = 0.368921
t0.63 = 0.368921
t0.64 = 0.324901
t0.65 = 0.324901
t0.66 = 0.324901
t0.67 = 0.324901
t0.68 = 0.324901
t0.69 = 0.310501
t0.70 = 0.310501
t0.71 = 0.310501
t0.72 = 0.310501
t0.73 = 0.310501
t0.74 = 0.624662
t0.75 = 0.624662
t0.76 = 0.624662
t0.77 = 0.624662
t0.78 = 0.624662
t0.79 = 0.624662
t0.80 = 0.624662
t0.81 = 0.624662
t0.82 = 0.624662
t0.83 = 0.624662
t0.84 = 0.624662
t0.85 = 0.624662
t0.86 = 0.624662
t0.87 = 0.624662
t0.88 = 0.624662
t0.89 = 0.624662
t0.90 = 0.624662
t0.91 = 0.624662
t0.92 = 0.624662
t0.93 = 0.624662
t0.94 = 0.624662
t0.95 = 0.624662
t0.96 = 0.624662
t0.97 = 0.624662
t0.98 = 0.624662
t0.99 = 0.624662
t1.00 = 0.670008
tr0 = 0.579316
tr1 = 0.670008
r0.00 = 1937.534106
r0.01 = 0.319362
r0.02 = 0.319362
r0.03 = 0.334068
r0.04 = 0.346463
r0.05 = 0.366020
r0.06 = 0.366020
r0.07 = 0.374976
r0.08 = 0.388206
r0.09 = 0.421373
r0.10 = 0.421373
r0.11 = 0.503898
r0.12 = 0.503898
r0.13 = 0.503898
r0.14 = 0.520079
r0.15 = 0.520079
r0.16 = 0.520079
r0.17 = 0.520079
r0.18 = 0.520079
r0.19 = 0.528154
r0.20 = 0.529747
r0.21 = 0.529747
r0.22 = 0.529747
r0.23 = 0.529747
r0.24 = 0.529747
r0.25 = 0.548875
r0.26 = 0.540659
r0.27 = 0.505127
r0.28 = 0.505127
r0.29 = 0.505127
r0.30 = 0.505127
r0.31 = 0.505127
r0.32 = 0.505127
r0.33 = 0.505127
r0.34 = 0.504132
r0.35 = 0.504132
r0.36 = 0.504132
r0.37 = 0.504132
r0.38 = 0.504132
r0.39 = 0.504132
r0.40 = 0.504132
r0.41 = 0.504132
r0.42 = 0.504132
r0.43 = 0.561809
r0.44 = 0.561809
r0.45 = 0.561809
r0.46 = 0.561809
r0.47 = 0.528883
r0.48 = 0.528883
r0.49 = 0.528883
r0.50 = 0.528883
r0.51 = 0.528883
r0.52 = 0.528883
r0.53 = 0.528883
r0.54 = 0.528883
r0.55 = 0.528883
r0.56 = 0.528883
r0.57 = 0.528883
r0.58 = 0.598229
r0.59 = 0.598229
r0.60 = 0.598229
r0.61 = 0.598229
r0.62 = 0.550621
r0.63 = 0.550621
r0.64 = 0.484920
r0.65 = 0.484920
r0.66 = 0.484920
r0.67 = 0.484920
r0.68 = 0.484920
r0.69 = 0.463429
r0.70 = 0.463429
r0.71 = 0.463429
r0.72 = 0.463429
r0.73 = 0.463429
r0.74 = 0.932320
r0.75 = 0.932320
r0.76 = 0.932320
r0.77 = 0.932320
r0.78 = 0.932320
r0.79 = 0.932320
r0.80 = 0.932320
r0.81 = 0.932320
r0.82 = 0.932320
r0.83 = 0.932320
r0.84 = 0.932320
r0.85 = 0.932320
r0.86 = 0.932320
r0.87 = 0.932320
r0.88 = 0.932320
r0.89 = 0.932320
r0.90 = 0.932320
r0.91 = 0.932320
r0.92 = 0.932320
r0.93 = 0.932320
r0.94 = 0.932320
r0.95 = 0.932320
r0.96 = 0.932320
r0.97 = 0.932320
r0.98 = 0.932320
r0.99 = 0.932320
r1.00 = 1.000000
rr0 = 0.864640
rr1 = 1.000000
