t0.00 = 5.658537
t0.01 = 0.018965
t0.02 = 0.055465
t0.03 = 0.065589
t0.04 = 0.077922
t0.05 = 0.101855
t0.06 = 0.101855
t0.07 = 0.116586
t0.08 = 0.139765
t0.09 = 0.139765
t0.10 = 0.139765
t0.11 = 0.139765
t0.12 = 0.139765
t0.13 = 0.156814
t0.14 = 0.156814
t0.15 = 0.156814
t0.16 = 0.156814
t0.17 = 0.156814
t0.18 = 0.186424
t0.19 = 0.186424
t0.20 = 0.235516
t0.21 = 0.268009
t0.22 = 0.296124
t0.23 = 0.296124
t0.24 = 0.296124
t0.25 = 0.325136
t0.26 = 0.351822
t0.27 = 0.426809
t0.28 = 0.426809
t0.29 = 0.426809
t0.30 = 0.426809
t0.31 = 0.426809
t0.32 = 0.426809
t0.33 = 0.426809
t0.34 = 0.426809
t0.35 = 0.426809
t0.36 = 0.426809
t0.37 = 0.426809
t0.38 = 0.426809
t0.39 = 0.426809
t0.40 = 0.426809
t0.41 = 0.426809
t0.42 = 0.426809
t0.43 = 0.426809
t0.44 = 0.426809
t0.45 = 0.426809
t0.46 = 0.426809
t0.47 = 0.426809
t0.48 = 0.426809
t0.49 = 0.520378
t0.50 = 0.520378
t0.51 = 0.520378
t0.52 = 0.520378
t0.53 = 0.520378
t0.54 = 0.520378
t0.55 = 0.520378
t0.56 = 0.520378
t0.57 = 0.520378
t0.58 = 0.520378
t0.59 = 0.520378
t0.60 = 0.520378
t0.61 = 0.520378
t0.62 = 0.520378
t0.63 = 0.520378
t0.64 = 0.520378
t0.65 = 0.520378
t0.66 = 0.520378
t0.67 = 0.520378
t0.68 = 0.520378
t0.69 = 0.520378
t0.70 = 0.520378
t0.71 = 0.520378
t0.72 = 0.520378
t0.73 = 0.520378
t0.74 = 0.520378
t0.75 = 0.520378
t0.76 = 0.520378
t0.77 = 0.520378
t0.78 = 0.520378
t0.79 = 0.520378
t0.80 = 0.520378
t0.81 = 0.520378
t0.82 = 0.520378
t0.83 = 0.520378
t0.84 = 0.520378
t0.85 = 0.520378
t0.86 = 0.520378
t0.87 = 0.520378
t0.88 = 0.520378
t0.89 = 0.520378
t0.90 = 0.520378
t0.91 = 0.520378
t0.92 = 0.520378
t0.93 = 0.520378
t0.94 = 0.520378
t0.95 = 0.520378
t0.96 = 0.520378
t0.97 = 0.520378
t0.98 = 0.520378
t0.99 = 0.520378
t1.00 = 0.792461
tr0 = 0.757964
tr1 = 0.282793
r0.00 = 7.140463
r0.01 = 0.023932
r0.02 = 0.069991
r0.03 = 0.082766
r0.04 = 0.098329
r0.05 = 0.128530
r0.06 = 0.128530
r0.07 = 0.147118
r0.08 = 0.176368
r0.09 = 0.176368
r0.10 = 0.176368
r0.11 = 0.176368
r0.12 = 0.176368
r0.13 = 0.197882
r0.14 = 0.197882
r0.15 = 0.197882
r0.16 = 0.197882
r0.17 = 0.197882
r0.18 = 0.235247
r0.19 = 0.235247
r0.20 = 0.297196
r0.21 = 0.338198
r0.22 = 0.373676
r0.23 = 0.373676
r0.24 = 0.373676
r0.25 = 0.410286
r0.26 = 0.443962
r0.27 = 0.538588
r0.28 = 0.538588
r0.29 = 0.538588
r0.30 = 0.538588
r0.31 = 0.538588
r0.32 = 0.538588
r0.33 = 0.538588
r0.34 = 0.538588
r0.35 = 0.538588
r0.36 = 0.538588
r0.37 = 0.538588
r0.38 = 0.538588
r0.39 = 0.538588
r0.40 = 0.538588
r0.41 = 0.538588
r0.42 = 0.538588
r0.43 = 0.538588
r0.44 = 0.538588
r0.45 = 0.538588
r0.46 = 0.538588
r0.47 = 0.538588
r0.48 = 0.538588
r0.49 = 0.656661
r0.50 = 0.656661
r0.51 = 0.656661
r0.52 = 0.656661
r0.53 = 0.656661
r0.54 = 0.656661
r0.55 = 0.656661
r0.56 = 0.656661
r0.57 = 0.656661
r0.58 = 0.656661
r0.59 = 0.656661
r0.60 = 0.656661
r0.61 = 0.656661
r0.62 = 0.656661
r0.63 = 0.656661
r0.64 = 0.656661
r0.65 = 0.656661
r0.66 = 0.656661
r0.67 = 0.656661
r0.68 = 0.656661
r0.69 = 0.656661
r0.70 = 0.656661
r0.71 = 0.656661
r0.72 = 0.656661
r0.73 = 0.656661
r0.74 = 0.656661
r0.75 = 0.656661
r0.76 = 0.656661
r0.77 = 0.656661
r0.78 = 0.656661
r0.79 = 0.656661
r0.80 = 0.656661
r0.81 = 0.656661
r0.82 = 0.656661
r0.83 = 0.656661
r0.84 = 0.656661
r0.85 = 0.656661
r0.86 = 0.656661
r0.87 = 0.656661
r0.88 = 0.656661
r0.89 = 0.656661
r0.90 = 0.656661
r0.91 = 0.656661
r0.92 = 0.656661
r0.93 = 0.656661
r0.94 = 0.656661
r0.95 = 0.656661
r0.96 = 0.656661
r0.97 = 0.656661
r0.98 = 0.656661
r0.99 = 0.656661
r1.00 = 1.000000
rr0 = 0.956468
rr1 = 0.356854
