t0.00 = 0.000000
t0.01 = 0.000035
t0.02 = 0.000089
t0.03 = 0.000089
t0.04 = 0.000089
t0.05 = 0.000089
t0.06 = 0.000285
t0.07 = 0.000778
t0.08 = 0.001256
t0.09 = 0.002712
t0.10 = 0.002712
t0.11 = 0.002712
t0.12 = 0.003180
t0.13 = 0.003180
t0.14 = 0.004380
t0.15 = 0.004380
t0.16 = 0.004990
t0.17 = 0.004990
t0.18 = 0.005941
t0.19 = 0.007940
t0.20 = 0.007940
t0.21 = 0.007940
t0.22 = 0.009711
t0.23 = 0.009711
t0.24 = 0.009711
t0.25 = 0.011824
t0.26 = 0.016056
t0.27 = 0.016056
t0.28 = 0.018228
t0.29 = 0.018228
t0.30 = 0.018228
t0.31 = 0.021064
t0.32 = 0.021064
t0.33 = 0.021064
t0.34 = 0.021064
t0.35 = 0.029662
t0.36 = 0.029662
t0.37 = 0.029662
t0.38 = 0.029662
t0.39 = 0.029662
t0.40 = 0.029662
t0.41 = 0.029662
t0.42 = 0.029662
t0.43 = 0.034009
t0.44 = 0.034009
t0.45 = 0.034009
t0.46 = 0.034009
t0.47 = 0.034009
t0.48 = 0.034009
t0.49 = 0.034009
t0.50 = 0.034009
t0.51 = 0.034009
t0.52 = 0.034009
t0.53 = 0.042439
t0.54 = 0.042439
t0.55 = 0.050786
t0.56 = 0.050786
t0.57 = 0.076964
t0.58 = 0.076964
t0.59 = 0.076964
t0.60 = 0.076964
t0.61 = 0.076964
t0.62 = 0.076964
t0.63 = 0.076964
t0.64 = 0.076964
t0.65 = 0.076964
t0.66 = 0.076964
t0.67 = 0.076964
t0.68 = 0.076964
t0.69 = 0.076964
t0.70 = 0.076964
t0.71 = 0.092969
t0.72 = 0.092969
t0.73 = 0.092969
t0.74 = 0.110615
t0.75 = 0.110615
t0.76 = 0.110615
t0.77 = 0.110615
t0.78 = 0.110615
t0.79 = 0.147328
t0.80 = 0.147328
t0.81 = 0.147328
t0.82 = 0.147328
t0.83 = 0.147328
t0.84 = 0.147328
t0.85 = 0.147328
t0.86 = 0.193879
t0.87 = 0.261318
t0.88 = 0.261318
t0.89 = 0.261318
t0.90 = 0.261318
t0.91 = 0.261318
t0.92 = 0.261318
t0.93 = 0.414640
t0.94 = 0.414640
t0.95 = 0.414640
t0.96 = 0.414640
t0.97 = 0.414640
t0.98 = 0.414640
t0.99 = 0.414640
t1.00 = 0.847477
tr0 = 0.174524
tr1 = 0.654756
r0.00 = 0.000000
r0.01 = 0.000041
r0.02 = 0.000106
r0.03 = 0.000106
r0.04 = 0.000106
r0.05 = 0.000106
r0.06 = 0.000336
r0.07 = 0.000919
r0.08 = 0.001482
r0.09 = 0.003200
r0.10 = 0.003200
r0.11 = 0.003200
r0.12 = 0.003752
r0.13 = 0.003752
r0.14 = 0.005169
r0.15 = 0.005169
r0.16 = 0.005888
r0.17 = 0.005888
r0.18 = 0.007010
r0.19 = 0.009370
r0.20 = 0.009370
r0.21 = 0.009370
r0.22 = 0.011458
r0.23 = 0.011458
r0.24 = 0.011458
r0.25 = 0.013952
r0.26 = 0.018946
r0.27 = 0.018946
r0.28 = 0.021508
r0.29 = 0.021508
r0.30 = 0.021508
r0.31 = 0.024855
r0.32 = 0.024855
r0.33 = 0.024855
r0.34 = 0.024855
r0.35 = 0.035001
r0.36 = 0.035001
r0.37 = 0.035001
r0.38 = 0.035001
r0.39 = 0.035001
r0.40 = 0.035001
r0.41 = 0.035001
r0.42 = 0.035001
r0.43 = 0.040129
r0.44 = 0.040129
r0.45 = 0.040129
r0.46 = 0.040129
r0.47 = 0.040129
r0.48 = 0.040129
r0.49 = 0.040129
r0.50 = 0.040129
r0.51 = 0.040129
r0.52 = 0.040129
r0.53 = 0.050077
r0.54 = 0.050077
r0.55 = 0.059926
r0.56 = 0.059926
r0.57 = 0.090816
r0.58 = 0.090816
r0.59 = 0.090816
r0.60 = 0.090816
r0.61 = 0.090816
r0.62 = 0.090816
r0.63 = 0.090816
r0.64 = 0.090816
r0.65 = 0.090816
r0.66 = 0.090816
r0.67 = 0.090816
r0.68 = 0.090816
r0.69 = 0.090816
r0.70 = 0.090816
r0.71 = 0.109701
r0.72 = 0.109701
r0.73 = 0.109701
r0.74 = 0.130522
r0.75 = 0.130522
r0.76 = 0.130522
r0.77 = 0.130522
r0.78 = 0.130522
r0.79 = 0.173843
r0.80 = 0.173843
r0.81 = 0.173843
r0.82 = 0.173843
r0.83 = 0.173843
r0.84 = 0.173843
r0.85 = 0.173843
r0.86 = 0.228772
r0.87 = 0.308348
r0.88 = 0.308348
r0.89 = 0.308348
r0.90 = 0.308348
r0.91 = 0.308348
r0.92 = 0.308348
r0.93 = 0.489264
r0.94 = 0.489264
r0.95 = 0.489264
r0.96 = 0.489264
r0.97 = 0.489264
r0.98 = 0.489264
r0.99 = 0.489264
r1.00 = 1.000000
rr0 = 0.205934
rr1 = 0.772594
