t0.00 = 1940.960000
t0.01 = 0.281731
t0.02 = 0.300007
t0.03 = 0.300007
t0.04 = 0.305344
t0.05 = 0.318000
t0.06 = 0.321624
t0.07 = 0.321624
t0.08 = 0.328842
t0.09 = 0.328123
t0.10 = 0.328134
t0.11 = 0.340213
t0.12 = 0.350351
t0.13 = 0.374841
t0.14 = 0.414660
t0.15 = 0.415513
t0.16 = 0.415513
t0.17 = 0.415513
t0.18 = 0.451981
t0.19 = 0.455895
t0.20 = 0.469889
t0.21 = 0.466964
t0.22 = 0.466964
t0.23 = 0.466964
t0.24 = 0.466964
t0.25 = 0.466964
t0.26 = 0.466964
t0.27 = 0.466964
t0.28 = 0.499748
t0.29 = 0.499748
t0.30 = 0.484401
t0.31 = 0.484401
t0.32 = 0.499930
t0.33 = 0.499930
t0.34 = 0.504368
t0.35 = 0.591398
t0.36 = 0.591398
t0.37 = 0.591398
t0.38 = 0.605273
t0.39 = 0.606276
t0.40 = 0.606276
t0.41 = 0.606276
t0.42 = 0.606276
t0.43 = 0.606276
t0.44 = 0.606276
t0.45 = 0.606276
t0.46 = 0.606276
t0.47 = 0.606276
t0.48 = 0.712997
t0.49 = 0.712997
t0.50 = 0.712997
t0.51 = 0.712997
t0.52 = 0.712997
t0.53 = 0.712997
t0.54 = 0.712997
t0.55 = 0.712997
t0.56 = 0.824825
t0.57 = 0.824825
t0.58 = 0.824825
t0.59 = 0.824825
t0.60 = 0.824825
t0.61 = 0.824825
t0.62 = 0.824825
t0.63 = 0.824825
t0.64 = 0.824825
t0.65 = 0.824825
t0.66 = 0.824825
t0.67 = 0.824825
t0.68 = 0.824825
t0.69 = 0.824825
t0.70 = 0.824825
t0.71 = 0.824825
t0.72 = 0.824825
t0.73 = 0.824825
t0.74 = 0.824825
t0.75 = 0.824825
t0.76 = 0.824825
t0.77 = 0.824825
t0.78 = 0.824825
t0.79 = 0.824825
t0.80 = 0.824825
t0.81 = 0.824825
t0.82 = 0.824825
t0.83 = 0.824825
t0.84 = 0.824825
t0.85 = 0.824825
t0.86 = 0.824825
t0.87 = 0.824825
t0.88 = 0.824825
t0.89 = 0.824825
t0.90 = 0.824825
t0.91 = 0.824825
t0.92 = 0.824825
t0.93 = 0.824825
t0.94 = 0.824825
t0.95 = 0.824825
t0.96 = 0.824825
t0.97 = 0.824825
t0.98 = 0.824825
t0.99 = 0.824825
t1.00 = 0.941374
tr0 = 0.831978
tr1 = 0.817672
r0.00 = 2061.836234
r0.01 = 0.299276
r0.02 = 0.318690
r0.03 = 0.318690
r0.04 = 0.324360
r0.05 = 0.337804
r0.06 = 0.341653
r0.07 = 0.341653
r0.08 = 0.349321
r0.09 = 0.348557
r0.10 = 0.348569
r0.11 = 0.361400
r0.12 = 0.372169
r0.13 = 0.398185
r0.14 = 0.440484
r0.15 = 0.441390
r0.16 = 0.441390
r0.17 = 0.441390
r0.18 = 0.480129
r0.19 = 0.484287
r0.20 = 0.499152
r0.21 = 0.496045
r0.22 = 0.496045
r0.23 = 0.496045
r0.24 = 0.496045
r0.25 = 0.496045
r0.26 = 0.496045
r0.27 = 0.496045
r0.28 = 0.530870
r0.29 = 0.530870
r0.30 = 0.514568
r0.31 = 0.514568
r0.32 = 0.531064
r0.33 = 0.531064
r0.34 = 0.535778
r0.35 = 0.628228
r0.36 = 0.628228
r0.37 = 0.628228
r0.38 = 0.642968
r0.39 = 0.644033
r0.40 = 0.644033
r0.41 = 0.644033
r0.42 = 0.644033
r0.43 = 0.644033
r0.44 = 0.644033
r0.45 = 0.644033
r0.46 = 0.644033
r0.47 = 0.644033
r0.48 = 0.757400
r0.49 = 0.757400
r0.50 = 0.757400
r0.51 = 0.757400
r0.52 = 0.757400
r0.53 = 0.757400
r0.54 = 0.757400
r0.55 = 0.757400
r0.56 = 0.876192
r0.57 = 0.876192
r0.58 = 0.876192
r0.59 = 0.876192
r0.60 = 0.876192
r0.61 = 0.876192
r0.62 = 0.876192
r0.63 = 0.876192
r0.64 = 0.876192
r0.65 = 0.876192
r0.66 = 0.876192
r0.67 = 0.876192
r0.68 = 0.876192
r0.69 = 0.876192
r0.70 = 0.876192
r0.71 = 0.876192
r0.72 = 0.876192
r0.73 = 0.876192
r0.74 = 0.876192
r0.75 = 0.876192
r0.76 = 0.876192
r0.77 = 0.876192
r0.78 = 0.876192
r0.79 = 0.876192
r0.80 = 0.876192
r0.81 = 0.876192
r0.82 = 0.876192
r0.83 = 0.876192
r0.84 = 0.876192
r0.85 = 0.876192
r0.86 = 0.876192
r0.87 = 0.876192
r0.88 = 0.876192
r0.89 = 0.876192
r0.90 = 0.876192
r0.91 = 0.876192
r0.92 = 0.876192
r0.93 = 0.876192
r0.94 = 0.876192
r0.95 = 0.876192
r0.96 = 0.876192
r0.97 = 0.876192
r0.98 = 0.876192
r0.99 = 0.876192
r1.00 = 1.000000
rr0 = 0.883790
rr1 = 0.868594
