t0.00 = 2.000000
t0.01 = 0.008589
t0.02 = 0.024756
t0.03 = 0.026741
t0.04 = 0.035332
t0.05 = 0.044965
t0.06 = 0.047340
t0.07 = 0.053943
t0.08 = 0.067070
t0.09 = 0.076531
t0.10 = 0.086006
t0.11 = 0.086006
t0.12 = 0.086006
t0.13 = 0.094333
t0.14 = 0.100948
t0.15 = 0.100948
t0.16 = 0.100948
t0.17 = 0.100948
t0.18 = 0.100948
t0.19 = 0.114836
t0.20 = 0.115410
t0.21 = 0.115410
t0.22 = 0.115410
t0.23 = 0.113635
t0.24 = 0.113635
t0.25 = 0.113635
t0.26 = 0.132211
t0.27 = 0.132211
t0.28 = 0.132211
t0.29 = 0.132211
t0.30 = 0.132211
t0.31 = 0.132211
t0.32 = 0.132211
t0.33 = 0.132211
t0.34 = 0.132211
t0.35 = 0.143343
t0.36 = 0.143343
t0.37 = 0.143343
t0.38 = 0.143343
t0.39 = 0.143343
t0.40 = 0.143343
t0.41 = 0.143343
t0.42 = 0.143343
t0.43 = 0.143343
t0.44 = 0.161232
t0.45 = 0.161232
t0.46 = 0.202462
t0.47 = 0.202462
t0.48 = 0.225084
t0.49 = 0.225084
t0.50 = 0.229932
t0.51 = 0.229932
t0.52 = 0.229932
t0.53 = 0.229932
t0.54 = 0.229932
t0.55 = 0.229932
t0.56 = 0.229932
t0.57 = 0.229932
t0.58 = 0.229932
t0.59 = 0.229932
t0.60 = 0.229932
t0.61 = 0.284540
t0.62 = 0.284540
t0.63 = 0.284540
t0.64 = 0.284540
t0.65 = 0.284540
t0.66 = 0.284540
t0.67 = 0.284540
t0.68 = 0.284540
t0.69 = 0.284540
t0.70 = 0.284540
t0.71 = 0.284540
t0.72 = 0.284540
t0.73 = 0.284540
t0.74 = 0.284540
t0.75 = 0.284540
t0.76 = 0.284540
t0.77 = 0.332308
t0.78 = 0.332308
t0.79 = 0.332308
t0.80 = 0.332308
t0.81 = 0.332308
t0.82 = 0.332308
t0.83 = 0.332308
t0.84 = 0.332308
t0.85 = 0.332308
t0.86 = 0.332308
t0.87 = 0.332308
t0.88 = 0.332308
t0.89 = 0.332308
t0.90 = 0.332308
t0.91 = 0.332308
t0.92 = 0.332308
t0.93 = 0.332308
t0.94 = 0.332308
t0.95 = 0.332308
t0.96 = 0.332308
t0.97 = 0.332308
t0.98 = 0.332308
t0.99 = 0.382248
t1.00 = 0.795756
tr0 = 0.000000
tr1 = 0.764496
r0.00 = 2.513332
r0.01 = 0.010793
r0.02 = 0.031110
r0.03 = 0.033604
r0.04 = 0.044400
r0.05 = 0.056506
r0.06 = 0.059491
r0.07 = 0.067788
r0.08 = 0.084285
r0.09 = 0.096173
r0.10 = 0.108081
r0.11 = 0.108081
r0.12 = 0.108081
r0.13 = 0.118545
r0.14 = 0.126857
r0.15 = 0.126857
r0.16 = 0.126857
r0.17 = 0.126857
r0.18 = 0.126857
r0.19 = 0.144311
r0.20 = 0.145031
r0.21 = 0.145031
r0.22 = 0.145031
r0.23 = 0.142801
r0.24 = 0.142801
r0.25 = 0.142801
r0.26 = 0.166145
r0.27 = 0.166145
r0.28 = 0.166145
r0.29 = 0.166145
r0.30 = 0.166145
r0.31 = 0.166145
r0.32 = 0.166145
r0.33 = 0.166145
r0.34 = 0.166145
r0.35 = 0.180134
r0.36 = 0.180134
r0.37 = 0.180134
r0.38 = 0.180134
r0.39 = 0.180134
r0.40 = 0.180134
r0.41 = 0.180134
r0.42 = 0.180134
r0.43 = 0.180134
r0.44 = 0.202614
r0.45 = 0.202614
r0.46 = 0.254427
r0.47 = 0.254427
r0.48 = 0.282855
r0.49 = 0.282855
r0.50 = 0.288948
r0.51 = 0.288948
r0.52 = 0.288948
r0.53 = 0.288948
r0.54 = 0.288948
r0.55 = 0.288948
r0.56 = 0.288948
r0.57 = 0.288948
r0.58 = 0.288948
r0.59 = 0.288948
r0.60 = 0.288948
r0.61 = 0.357572
r0.62 = 0.357572
r0.63 = 0.357572
r0.64 = 0.357572
r0.65 = 0.357572
r0.66 = 0.357572
r0.67 = 0.357572
r0.68 = 0.357572
r0.69 = 0.357572
r0.70 = 0.357572
r0.71 = 0.357572
r0.72 = 0.357572
r0.73 = 0.357572
r0.74 = 0.357572
r0.75 = 0.357572
r0.76 = 0.357572
r0.77 = 0.417600
r0.78 = 0.417600
r0.79 = 0.417600
r0.80 = 0.417600
r0.81 = 0.417600
r0.82 = 0.417600
r0.83 = 0.417600
r0.84 = 0.417600
r0.85 = 0.417600
r0.86 = 0.417600
r0.87 = 0.417600
r0.88 = 0.417600
r0.89 = 0.417600
r0.90 = 0.417600
r0.91 = 0.417600
r0.92 = 0.417600
r0.93 = 0.417600
r0.94 = 0.417600
r0.95 = 0.417600
r0.96 = 0.417600
r0.97 = 0.417600
r0.98 = 0.417600
r0.99 = 0.480358
r1.00 = 1.000000
rr0 = 0.000000
rr1 = 0.960716
