t0.00 = 0.000000
t0.01 = 0.009319
t0.02 = 0.015089
t0.03 = 0.024556
t0.04 = 0.027751
t0.05 = 0.030729
t0.06 = 0.045922
t0.07 = 0.046786
t0.08 = 0.053005
t0.09 = 0.055310
t0.10 = 0.058584
t0.11 = 0.062655
t0.12 = 0.068197
t0.13 = 0.068197
t0.14 = 0.088039
t0.15 = 0.107577
t0.16 = 0.121664
t0.17 = 0.121664
t0.18 = 0.121664
t0.19 = 0.121664
t0.20 = 0.121664
t0.21 = 0.121664
t0.22 = 0.121664
t0.23 = 0.121664
t0.24 = 0.121664
t0.25 = 0.134096
t0.26 = 0.149544
t0.27 = 0.178693
t0.28 = 0.178693
t0.29 = 0.178693
t0.30 = 0.192954
t0.31 = 0.192954
t0.32 = 0.207358
t0.33 = 0.207358
t0.34 = 0.249037
t0.35 = 0.249037
t0.36 = 0.249037
t0.37 = 0.249037
t0.38 = 0.249037
t0.39 = 0.249037
t0.40 = 0.249037
t0.41 = 0.273943
t0.42 = 0.273943
t0.43 = 0.273943
t0.44 = 0.273943
t0.45 = 0.273943
t0.46 = 0.273943
t0.47 = 0.273943
t0.48 = 0.273943
t0.49 = 0.273943
t0.50 = 0.273943
t0.51 = 0.329773
t0.52 = 0.329773
t0.53 = 0.329773
t0.54 = 0.329773
t0.55 = 0.329773
t0.56 = 0.407419
t0.57 = 0.407419
t0.58 = 0.407419
t0.59 = 0.407419
t0.60 = 0.407419
t0.61 = 0.407419
t0.62 = 0.407419
t0.63 = 0.407419
t0.64 = 0.407419
t0.65 = 0.493159
t0.66 = 0.493159
t0.67 = 0.493159
t0.68 = 0.493159
t0.69 = 0.493159
t0.70 = 0.493159
t0.71 = 0.493159
t0.72 = 0.493159
t0.73 = 0.493159
t0.74 = 0.493159
t0.75 = 0.493159
t0.76 = 0.493159
t0.77 = 0.493159
t0.78 = 0.493159
t0.79 = 0.493159
t0.80 = 0.493159
t0.81 = 0.493159
t0.82 = 0.493159
t0.83 = 0.493159
t0.84 = 0.493159
t0.85 = 0.493159
t0.86 = 0.493159
t0.87 = 0.493159
t0.88 = 0.493159
t0.89 = 0.493159
t0.90 = 0.493159
t0.91 = 0.493159
t0.92 = 0.493159
t0.93 = 0.493159
t0.94 = 0.493159
t0.95 = 0.493159
t0.96 = 0.493159
t0.97 = 0.493159
t0.98 = 0.493159
t0.99 = 0.493159
t1.00 = 0.754029
tr0 = 0.618881
tr1 = 0.367437
r0.00 = 0.000000
r0.01 = 0.012358
r0.02 = 0.020012
r0.03 = 0.032567
r0.04 = 0.036804
r0.05 = 0.040753
r0.06 = 0.060903
r0.07 = 0.062048
r0.08 = 0.070296
r0.09 = 0.073352
r0.10 = 0.077694
r0.11 = 0.083093
r0.12 = 0.090444
r0.13 = 0.090444
r0.14 = 0.116758
r0.15 = 0.142670
r0.16 = 0.161352
r0.17 = 0.161352
r0.18 = 0.161352
r0.19 = 0.161352
r0.20 = 0.161352
r0.21 = 0.161352
r0.22 = 0.161352
r0.23 = 0.161352
r0.24 = 0.161352
r0.25 = 0.177839
r0.26 = 0.198327
r0.27 = 0.236985
r0.28 = 0.236985
r0.29 = 0.236985
r0.30 = 0.255897
r0.31 = 0.255897
r0.32 = 0.275000
r0.33 = 0.275000
r0.34 = 0.330276
r0.35 = 0.330276
r0.36 = 0.330276
r0.37 = 0.330276
r0.38 = 0.330276
r0.39 = 0.330276
r0.40 = 0.330276
r0.41 = 0.363306
r0.42 = 0.363306
r0.43 = 0.363306
r0.44 = 0.363306
r0.45 = 0.363306
r0.46 = 0.363306
r0.47 = 0.363306
r0.48 = 0.363306
r0.49 = 0.363306
r0.50 = 0.363306
r0.51 = 0.437349
r0.52 = 0.437349
r0.53 = 0.437349
r0.54 = 0.437349
r0.55 = 0.437349
r0.56 = 0.540323
r0.57 = 0.540323
r0.58 = 0.540323
r0.59 = 0.540323
r0.60 = 0.540323
r0.61 = 0.540323
r0.62 = 0.540323
r0.63 = 0.540323
r0.64 = 0.540323
r0.65 = 0.654032
r0.66 = 0.654032
r0.67 = 0.654032
r0.68 = 0.654032
r0.69 = 0.654032
r0.70 = 0.654032
r0.71 = 0.654032
r0.72 = 0.654032
r0.73 = 0.654032
r0.74 = 0.654032
r0.75 = 0.654032
r0.76 = 0.654032
r0.77 = 0.654032
r0.78 = 0.654032
r0.79 = 0.654032
r0.80 = 0.654032
r0.81 = 0.654032
r0.82 = 0.654032
r0.83 = 0.654032
r0.84 = 0.654032
r0.85 = 0.654032
r0.86 = 0.654032
r0.87 = 0.654032
r0.88 = 0.654032
r0.89 = 0.654032
r0.90 = 0.654032
r0.91 = 0.654032
r0.92 = 0.654032
r0.93 = 0.654032
r0.94 = 0.654032
r0.95 = 0.654032
r0.96 = 0.654032
r0.97 = 0.654032
r0.98 = 0.654032
r0.99 = 0.654032
r1.00 = 1.000000
rr0 = 0.820766
rr1 = 0.487298
